 2.28	73.60
 2.29	147.20
 2.29	220.80
 2.30	294.40
 2.31	368.00
 2.31	441.60
 2.32	515.20
 2.33	588.80
 2.34	662.40
 2.36	736.00
 2.38	809.60
 2.39	883.20
 2.40	956.80
 2.40	1030.40
 2.41	1104.00
 2.42	1177.60
 2.43	1251.20
 2.44	1324.80
 2.45	1398.40
 2.47	1472.00
 2.47	1545.60
 2.47	1619.20
 2.48	1692.80
 2.48	1766.40
 2.50	1840.00
 2.51	1913.60
 2.52	1987.20
 2.52	2060.80
 2.53	2134.40
 2.53	2208.00
 2.54	2281.60
 2.54	2355.20
 2.55	2428.80
 2.55	2502.40
 2.57	2576.00
 2.57	2649.60
 2.58	2723.20
 2.59	2796.80
 2.59	2870.40
 2.61	2944.00
 2.62	3017.60
 2.62	3091.20
 2.63	3164.80
 2.63	3238.40
 2.64	3312.00
 2.64	3385.60
 2.66	3459.20
 2.67	3532.80
 2.68	3606.40
 2.68	3680.00
 2.69	3753.60
 2.69	3827.20
 2.69	3900.80
 2.72	3974.40
 2.73	4048.00
 2.73	4121.60
 2.73	4195.20
 2.74	4268.80
 2.75	4342.40
 2.76	4416.00
 2.77	4489.60
 2.78	4563.20
 2.78	4636.80
 2.79	4710.40
 2.80	4784.00
 2.80	4857.60
 2.81	4931.20
 2.82	5004.80
 2.83	5078.40
 2.83	5152.00
 2.85	5225.60
 2.86	5299.20
 2.87	5372.80
 2.88	5446.40
 2.89	5520.00
 2.89	5593.60
 2.91	5667.20
 2.91	5740.80
 2.92	5814.40
 2.93	5888.00
 2.95	5961.60
 2.95	6035.20
 2.95	6108.80
 2.96	6182.40
 2.97	6256.00
 2.98	6329.60
 2.98	6403.20
 2.99	6476.80
 3.00	6550.40
 3.00	6624.00
 3.00	6697.60
 3.01	6771.20
 3.02	6844.80
 3.04	6918.40
 3.05	6992.00
 3.06	7065.60
 3.07	7139.20
 3.09	7212.80
 3.10	7286.40
 3.10	7360.00
 3.11	7433.60
 3.11	7507.20
 3.13	7580.80
 3.15	7654.40
 3.17	7728.00
 3.20	7801.60
 3.21	7875.20
 3.22	7948.80
 3.24	8022.40
 3.25	8096.00
 3.26	8169.60
 3.26	8243.20
 3.27	8316.80
 3.27	8390.40
 3.28	8464.00
 3.28	8537.60
 3.29	8611.20
 3.29	8684.80
 3.29	8758.40
 3.30	8832.00
 3.31	8905.60
 3.32	8979.20
 3.33	9052.80
 3.34	9126.40
 3.34	9200.00
 3.35	9273.60
 3.35	9347.20
 3.36	9420.80
 3.36	9494.40
 3.37	9568.00
 3.38	9641.60
 3.40	9715.20
 3.41	9788.80
 3.41	9862.40
 3.42	9936.00
 3.43	10009.60
 3.44	10083.20
 3.45	10156.80
 3.46	10230.40
 3.47	10304.00
 3.48	10377.60
 3.49	10451.20
 3.50	10524.80
 3.51	10598.40
 3.51	10672.00
 3.51	10745.60
 3.53	10819.20
 3.54	10892.80
 3.54	10966.40
 3.57	11040.00
 3.59	11113.60
 3.59	11187.20
 3.60	11260.80
 3.61	11334.40
 3.61	11408.00
 3.62	11481.60
 3.62	11555.20
 3.63	11628.80
 3.63	11702.40
 3.63	11776.00
 3.64	11849.60
 3.64	11923.20
 3.65	11996.80
 3.66	12070.40
 3.66	12144.00
 3.67	12217.60
 3.67	12291.20
 3.68	12364.80
 3.69	12438.40
 3.69	12512.00
 3.69	12585.60
 3.70	12659.20
 3.72	12732.80
 3.73	12806.40
 3.73	12880.00
 3.74	12953.60
 3.75	13027.20
 3.76	13100.80
 3.77	13174.40
 3.77	13248.00
 3.78	13321.60
 3.79	13395.20
 3.80	13468.80
 3.80	13542.40
 4.00	13616.00
 4.05	13689.60
 4.06	13763.20
 4.06	13836.80
 4.07	13910.40
 4.07	13984.00
 4.08	14057.60
 4.09	14131.20
 4.10	14204.80
 4.11	14278.40
 4.13	14352.00
 4.13	14425.60
 4.14	14499.20
 4.16	14572.80
 4.17	14646.40
 4.17	14720.00
 4.21	14793.60
 4.22	14867.20
 4.22	14940.80
 4.23	15014.40
 4.24	15088.00
 4.25	15161.60
 4.26	15235.20
 4.26	15308.80
 4.26	15382.40
 4.27	15456.00
 4.27	15529.60
 4.28	15603.20
 4.28	15676.80
 4.28	15750.40
 4.29	15824.00
 4.29	15897.60
 4.30	15971.20
 4.30	16044.80
 4.30	16118.40
 4.31	16192.00
 4.31	16265.60
 4.32	16339.20
 4.33	16412.80
 4.33	16486.40
 4.34	16560.00
 4.35	16633.60
 4.36	16707.20
 4.37	16780.80
 4.38	16854.40
 4.42	16928.00
 4.46	17001.60
 4.48	17075.20
 4.49	17148.80
 4.49	17222.40
 4.50	17296.00
 4.50	17369.60
 4.50	17443.20
 4.51	17516.80
 4.51	17590.40
 4.52	17664.00
 4.53	17737.60
 4.53	17811.20
 4.54	17884.80
 4.55	17958.40
 4.55	18032.00
 4.56	18105.60
 4.57	18179.20
 4.57	18252.80
 4.57	18326.40
 4.59	18400.00
 4.59	18473.60
 4.60	18547.20
 4.61	18620.80
 4.61	18694.40
 4.62	18768.00
 4.62	18841.60
 4.62	18915.20
 4.63	18988.80
 4.65	19062.40
 4.67	19136.00
 4.69	19209.60
 4.70	19283.20
 4.71	19356.80
 4.73	19430.40
 4.74	19504.00
 4.74	19577.60
 4.74	19651.20
 4.75	19724.80
 4.76	19798.40
 4.76	19872.00
 4.77	19945.60
 4.78	20019.20
 4.78	20092.80
 4.81	20166.40
 4.82	20240.00
 4.82	20313.60
 4.84	20387.20
 4.85	20460.80
 4.85	20534.40
 4.86	20608.00
 4.90	20681.60
 4.90	20755.20
 4.91	20828.80
 4.91	20902.40
 4.92	20976.00
 4.93	21049.60
 4.93	21123.20
 4.95	21196.80
 4.97	21270.40
 4.97	21344.00
 4.99	21417.60
 4.99	21491.20
 5.00	21564.80
 5.01	21638.40
 5.01	21712.00
 5.01	21785.60
 5.02	21859.20
 5.03	21932.80
 5.03	22006.40
 5.03	22080.00
 5.04	22153.60
 5.04	22227.20
 5.05	22300.80
 5.05	22374.40
 5.08	22448.00
 5.08	22521.60
 5.09	22595.20
 5.10	22668.80
 5.10	22742.40
 5.11	22816.00
 5.11	22889.60
 5.11	22963.20
 5.12	23036.80
 5.12	23110.40
 5.13	23184.00
 5.14	23257.60
 5.14	23331.20
 5.15	23404.80
 5.17	23478.40
 5.18	23552.00
 5.19	23625.60
 5.20	23699.20
 5.21	23772.80
 5.21	23846.40
 5.22	23920.00
 5.23	23993.60
 5.24	24067.20
 5.25	24140.80
 5.25	24214.40
 5.26	24288.00
 5.26	24361.60
 5.27	24435.20
 5.27	24508.80
 5.27	24582.40
 5.28	24656.00
 5.30	24729.60
 5.31	24803.20
 5.32	24876.80
 5.32	24950.40
 5.32	25024.00
 5.33	25097.60
 5.34	25171.20
 5.36	25244.80
 5.37	25318.40
 5.38	25392.00
 5.39	25465.60
 5.39	25539.20
 5.40	25612.80
 5.41	25686.40
 5.41	25760.00
 5.42	25833.60
 5.43	25907.20
 5.44	25980.80
 5.44	26054.40
 5.45	26128.00
 5.46	26201.60
 5.47	26275.20
 5.47	26348.80
 5.48	26422.40
 5.48	26496.00
 5.50	26569.60
 5.50	26643.20
 5.50	26716.80
 5.51	26790.40
 5.53	26864.00
 5.54	26937.60
 5.54	27011.20
 5.55	27084.80
 5.55	27158.40
 5.56	27232.00
 5.56	27305.60
 5.57	27379.20
 5.58	27452.80
 5.58	27526.40
 5.59	27600.00
 5.59	27673.60
 5.60	27747.20
 5.61	27820.80
 5.64	27894.40
 5.65	27968.00
 5.65	28041.60
 5.66	28115.20
 5.66	28188.80
 5.66	28262.40
 5.67	28336.00
 5.68	28409.60
 5.70	28483.20
 5.71	28556.80
 5.72	28630.40
 5.72	28704.00
 5.73	28777.60
 5.74	28851.20
 5.74	28924.80
 5.75	28998.40
 5.77	29072.00
 5.78	29145.60
 5.78	29219.20
 5.78	29292.80
 5.79	29366.40
 5.80	29440.00
 5.81	29513.60
 5.83	29587.20
 5.84	29660.80
 5.84	29734.40
 5.86	29808.00
 5.86	29881.60
 5.87	29955.20
 5.88	30028.80
 5.88	30102.40
 5.89	30176.00
 5.90	30249.60
 5.91	30323.20
 5.91	30396.80
 5.92	30470.40
 5.93	30544.00
 5.93	30617.60
 5.94	30691.20
 5.94	30764.80
 5.95	30838.40
 5.95	30912.00
 5.95	30985.60
 5.96	31059.20
 5.96	31132.80
 5.98	31206.40
 5.99	31280.00
 5.99	31353.60
 6.00	31427.20
 6.02	31500.80
 6.02	31574.40
 6.03	31648.00
 6.03	31721.60
 6.05	31795.20
 6.05	31868.80
 6.05	31942.40
 6.07	32016.00
 6.08	32089.60
 6.08	32163.20
 6.08	32236.80
 6.10	32310.40
 6.10	32384.00
 6.12	32457.60
 6.13	32531.20
 6.13	32604.80
 6.14	32678.40
 6.14	32752.00
 6.15	32825.60
 6.15	32899.20
 6.16	32972.80
 6.16	33046.40
 6.16	33120.00
 6.17	33193.60
 6.17	33267.20
 6.18	33340.80
 6.19	33414.40
 6.20	33488.00
 6.20	33561.60
 6.20	33635.20
 6.22	33708.80
 6.25	33782.40
 6.26	33856.00
 6.27	33929.60
 6.29	34003.20
 6.30	34076.80
 6.31	34150.40
 6.32	34224.00
 6.34	34297.60
 6.34	34371.20
 6.36	34444.80
 6.37	34518.40
 6.39	34592.00
 6.39	34665.60
 6.41	34739.20
 6.43	34812.80
 6.44	34886.40
 6.45	34960.00
 6.46	35033.60
 6.46	35107.20
 6.48	35180.80
 6.48	35254.40
 6.49	35328.00
 6.49	35401.60
 6.50	35475.20
 6.50	35548.80
 6.51	35622.40
 6.52	35696.00
 6.52	35769.60
 6.52	35843.20
 6.53	35916.80
 6.53	35990.40
 6.54	36064.00
 6.55	36137.60
 6.55	36211.20
 6.55	36284.80
 6.57	36358.40
 6.58	36432.00
 6.60	36505.60
 6.61	36579.20
 6.62	36652.80
 6.63	36726.40
 6.63	36800.00
 6.66	36873.60
 6.66	36947.20
 6.67	37020.80
 6.68	37094.40
 6.69	37168.00
 6.70	37241.60
 6.71	37315.20
 6.71	37388.80
 6.73	37462.40
 6.73	37536.00
 6.73	37609.60
 6.74	37683.20
 6.75	37756.80
 6.75	37830.40
 6.76	37904.00
 6.76	37977.60
 6.78	38051.20
 6.79	38124.80
 6.79	38198.40
 6.80	38272.00
 6.81	38345.60
 6.82	38419.20
 6.83	38492.80
 6.84	38566.40
 6.84	38640.00
 6.85	38713.60
 6.85	38787.20
 6.85	38860.80
 6.86	38934.40
 6.86	39008.00
 6.87	39081.60
 6.88	39155.20
 6.88	39228.80
 6.89	39302.40
 6.91	39376.00
 6.91	39449.60
 6.91	39523.20
 6.92	39596.80
 6.93	39670.40
 6.94	39744.00
 6.94	39817.60
 6.95	39891.20
 6.96	39964.80
 6.96	40038.40
 6.97	40112.00
 6.98	40185.60
 6.98	40259.20
 6.99	40332.80
 7.00	40406.40
 7.00	40480.00
 7.00	40553.60
 7.01	40627.20
 7.01	40700.80
 7.02	40774.40
 7.02	40848.00
 7.02	40921.60
 7.03	40995.20
 7.03	41068.80
 7.04	41142.40
 7.04	41216.00
 7.05	41289.60
 7.05	41363.20
 7.05	41436.80
 7.06	41510.40
 7.06	41584.00
 7.07	41657.60
 7.07	41731.20
 7.07	41804.80
 7.08	41878.40
 7.09	41952.00
 7.09	42025.60
 7.10	42099.20
 7.11	42172.80
 7.11	42246.40
 7.11	42320.00
 7.12	42393.60
 7.12	42467.20
 7.12	42540.80
 7.13	42614.40
 7.13	42688.00
 7.14	42761.60
 7.14	42835.20
 7.15	42908.80
 7.15	42982.40
 7.15	43056.00
 7.16	43129.60
 7.17	43203.20
 7.17	43276.80
 7.17	43350.40
 7.18	43424.00
 7.19	43497.60
 7.19	43571.20
 7.20	43644.80
 7.20	43718.40
 7.21	43792.00
 7.21	43865.60
 7.22	43939.20
 7.23	44012.80
 7.23	44086.40
 7.24	44160.00
 7.24	44233.60
 7.25	44307.20
 7.26	44380.80
 7.27	44454.40
 7.27	44528.00
 7.28	44601.60
 7.28	44675.20
 7.30	44748.80
 7.30	44822.40
 7.31	44896.00
 7.31	44969.60
 7.32	45043.20
 7.33	45116.80
 7.33	45190.40
 7.34	45264.00
 7.35	45337.60
 7.35	45411.20
 7.36	45484.80
 7.37	45558.40
 7.37	45632.00
 7.37	45705.60
 7.38	45779.20
 7.38	45852.80
 7.39	45926.40
 7.40	46000.00
 7.41	46073.60
 7.52	46147.20
 7.67	46220.80
 7.69	46294.40
 7.69	46368.00
 7.70	46441.60
 7.72	46515.20
 7.75	46588.80
 7.77	46662.40
 7.78	46736.00
 7.78	46809.60
 7.81	46883.20
 7.81	46956.80
 7.83	47030.40
 7.90	47104.00
 7.93	47177.60
 7.94	47251.20
 7.94	47324.80
 7.94	47398.40
 7.95	47472.00
 7.95	47545.60
 7.96	47619.20
 7.98	47692.80
 7.99	47766.40
 7.99	47840.00
 8.00	47913.60
 8.02	47987.20
 8.02	48060.80
 8.05	48134.40
 8.06	48208.00
 8.06	48281.60
 8.08	48355.20
 8.09	48428.80
 8.10	48502.40
 8.11	48576.00
 8.11	48649.60
 8.12	48723.20
 8.13	48796.80
 8.15	48870.40
 8.15	48944.00
 8.15	49017.60
 8.16	49091.20
 8.17	49164.80
 8.17	49238.40
 8.18	49312.00
 8.18	49385.60
 8.19	49459.20
 8.20	49532.80
 8.21	49606.40
 8.21	49680.00
 8.22	49753.60
 8.22	49827.20
 8.24	49900.80
 8.24	49974.40
 8.24	50048.00
 8.25	50121.60
 8.25	50195.20
 8.25	50268.80
 8.26	50342.40
 8.26	50416.00
 8.27	50489.60
 8.28	50563.20
 8.28	50636.80
 8.29	50710.40
 8.30	50784.00
 8.31	50857.60
 8.31	50931.20
 8.32	51004.80
 8.33	51078.40
 8.33	51152.00
 8.33	51225.60
 8.34	51299.20
 8.34	51372.80
 8.34	51446.40
 8.35	51520.00
 8.36	51593.60
 8.37	51667.20
 8.37	51740.80
 8.38	51814.40
 8.38	51888.00
 8.38	51961.60
 8.39	52035.20
 8.41	52108.80
 8.41	52182.40
 8.42	52256.00
 8.43	52329.60
 8.43	52403.20
 8.43	52476.80
 8.44	52550.40
 8.45	52624.00
 8.45	52697.60
 8.45	52771.20
 8.47	52844.80
 8.47	52918.40
 8.48	52992.00
 8.48	53065.60
 8.48	53139.20
 8.50	53212.80
 8.50	53286.40
 8.51	53360.00
 8.52	53433.60
 8.52	53507.20
 8.53	53580.80
 8.53	53654.40
 8.54	53728.00
 8.56	53801.60
 8.60	53875.20
 8.61	53948.80
 8.61	54022.40
 8.62	54096.00
 8.62	54169.60
 8.62	54243.20
 8.63	54316.80
 8.64	54390.40
 8.64	54464.00
 8.65	54537.60
 8.66	54611.20
 8.67	54684.80
 8.67	54758.40
 8.68	54832.00
 8.68	54905.60
 8.71	54979.20
 8.74	55052.80
 8.75	55126.40
 8.77	55200.00
 8.80	55273.60
 8.80	55347.20
 8.80	55420.80
 8.81	55494.40
 8.83	55568.00
 8.85	55641.60
 8.86	55715.20
 8.88	55788.80
 8.89	55862.40
 8.91	55936.00
 8.92	56009.60
 8.92	56083.20
 8.94	56156.80
 8.95	56230.40
 8.96	56304.00
 8.96	56377.60
 8.98	56451.20
 8.99	56524.80
 9.01	56598.40
 9.01	56672.00
 9.02	56745.60
 9.02	56819.20
 9.02	56892.80
 9.03	56966.40
 9.04	57040.00
 9.05	57113.60
 9.06	57187.20
 9.07	57260.80
 9.08	57334.40
 9.09	57408.00
 9.09	57481.60
 9.12	57555.20
 9.12	57628.80
 9.13	57702.40
 9.14	57776.00
 9.14	57849.60
 9.15	57923.20
 9.15	57996.80
 9.16	58070.40
 9.17	58144.00
 9.17	58217.60
 9.17	58291.20
 9.19	58364.80
 9.19	58438.40
 9.19	58512.00
 9.20	58585.60
 9.20	58659.20
 9.21	58732.80
 9.21	58806.40
 9.22	58880.00
 9.22	58953.60
 9.23	59027.20
 9.24	59100.80
 9.24	59174.40
 9.24	59248.00
 9.25	59321.60
 9.26	59395.20
 9.27	59468.80
 9.28	59542.40
 9.29	59616.00
 9.29	59689.60
 9.30	59763.20
 9.30	59836.80
 9.30	59910.40
 9.31	59984.00
 9.34	60057.60
 9.37	60131.20
 9.37	60204.80
 9.37	60278.40
 9.38	60352.00
 9.38	60425.60
 9.39	60499.20
 9.40	60572.80
 9.41	60646.40
 9.42	60720.00
 9.42	60793.60
 9.42	60867.20
 9.44	60940.80
 9.44	61014.40
 9.45	61088.00
 9.45	61161.60
 9.45	61235.20
 9.46	61308.80
 9.47	61382.40
 9.48	61456.00
 9.48	61529.60
 9.49	61603.20
 9.49	61676.80
 9.50	61750.40
 9.50	61824.00
 9.51	61897.60
 9.52	61971.20
 9.52	62044.80
 9.53	62118.40
 9.53	62192.00
 9.53	62265.60
 9.54	62339.20
 9.54	62412.80
 9.54	62486.40
 9.56	62560.00
 9.57	62633.60
 9.57	62707.20
 9.58	62780.80
 9.58	62854.40
 9.59	62928.00
 9.59	63001.60
 9.61	63075.20
 9.62	63148.80
 9.63	63222.40
 9.63	63296.00
 9.64	63369.60
 9.64	63443.20
 9.65	63516.80
 9.65	63590.40
 9.66	63664.00
 9.67	63737.60
 9.68	63811.20
 9.68	63884.80
 9.69	63958.40
 9.70	64032.00
 9.70	64105.60
 9.71	64179.20
 9.71	64252.80
 9.72	64326.40
 9.73	64400.00
 9.74	64473.60
 9.76	64547.20
 9.76	64620.80
 9.77	64694.40
 9.78	64768.00
 9.78	64841.60
 9.79	64915.20
 9.80	64988.80
 9.81	65062.40
 9.81	65136.00
 9.82	65209.60
 9.84	65283.20
 9.86	65356.80
 9.87	65430.40
 9.88	65504.00
 9.88	65577.60
 9.89	65651.20
 9.90	65724.80
 9.90	65798.40
 9.92	65872.00
 9.92	65945.60
 9.94	66019.20
 9.96	66092.80
 9.97	66166.40
 9.98	66240.00
 9.99	66313.60
 9.99	66387.20
 10.00	66460.80
 10.00	66534.40
 10.01	66608.00
 10.01	66681.60
 10.02	66755.20
 10.02	66828.80
 10.03	66902.40
 10.03	66976.00
 10.04	67049.60
 10.04	67123.20
 10.04	67196.80
 10.05	67270.40
 10.06	67344.00
 10.06	67417.60
 10.07	67491.20
 10.07	67564.80
 10.08	67638.40
 10.08	67712.00
 10.09	67785.60
 10.10	67859.20
 10.10	67932.80
 10.10	68006.40
 10.11	68080.00
 10.13	68153.60
 10.14	68227.20
 10.15	68300.80
 10.15	68374.40
 10.16	68448.00
 10.16	68521.60
 10.16	68595.20
 10.17	68668.80
 10.18	68742.40
 10.18	68816.00
 10.19	68889.60
 10.19	68963.20
 10.21	69036.80
 10.21	69110.40
 10.21	69184.00
 10.22	69257.60
 10.23	69331.20
 10.23	69404.80
 10.24	69478.40
 10.24	69552.00
 10.24	69625.60
 10.26	69699.20
 10.26	69772.80
 10.28	69846.40
 10.28	69920.00
 10.29	69993.60
 10.29	70067.20
 10.30	70140.80
 10.31	70214.40
 10.31	70288.00
 10.33	70361.60
 10.33	70435.20
 10.33	70508.80
 10.34	70582.40
 10.35	70656.00
 10.35	70729.60
 10.36	70803.20
 10.36	70876.80
 10.37	70950.40
 10.38	71024.00
 10.38	71097.60
 10.39	71171.20
 10.39	71244.80
 10.39	71318.40
 10.40	71392.00
 10.41	71465.60
 10.42	71539.20
 10.42	71612.80
 10.43	71686.40
 10.44	71760.00
 10.44	71833.60
 10.44	71907.20
 10.45	71980.80
 10.46	72054.40
 10.46	72128.00
 10.47	72201.60
 10.48	72275.20
 10.49	72348.80
 10.50	72422.40
 10.50	72496.00
 10.52	72569.60
 10.53	72643.20
 10.53	72716.80
 10.54	72790.40
 10.56	72864.00
 10.57	72937.60
 10.57	73011.20
 10.58	73084.80
 10.59	73158.40
 10.59	73232.00
 10.60	73305.60
 10.61	73379.20
 10.61	73452.80
 10.63	73526.40
 10.64	73600.00
 10.64	73673.60
 10.64	73747.20
 10.65	73820.80
 10.65	73894.40
 10.65	73968.00
 10.66	74041.60
 10.67	74115.20
 10.67	74188.80
 10.68	74262.40
 10.68	74336.00
 10.69	74409.60
 10.70	74483.20
 10.71	74556.80
 10.71	74630.40
 10.71	74704.00
 10.72	74777.60
 10.72	74851.20
 10.73	74924.80
 10.73	74998.40
 10.74	75072.00
 10.74	75145.60
 10.75	75219.20
 10.76	75292.80
 10.77	75366.40
 10.77	75440.00
 10.78	75513.60
 10.78	75587.20
 10.79	75660.80
 10.79	75734.40
 10.80	75808.00
 10.81	75881.60
 10.81	75955.20
 10.82	76028.80
 10.83	76102.40
 10.84	76176.00
 10.85	76249.60
 10.86	76323.20
 10.86	76396.80
 10.87	76470.40
 10.88	76544.00
 10.88	76617.60
 10.89	76691.20
 10.90	76764.80
 10.90	76838.40
 10.91	76912.00
 10.92	76985.60
 10.93	77059.20
 10.93	77132.80
 10.94	77206.40
 10.94	77280.00
 10.95	77353.60
 10.95	77427.20
 10.95	77500.80
 10.96	77574.40
 10.96	77648.00
 10.97	77721.60
 10.97	77795.20
 10.98	77868.80
 10.98	77942.40
 10.98	78016.00
 10.99	78089.60
 11.00	78163.20
 11.01	78236.80
 11.01	78310.40
 11.03	78384.00
 11.03	78457.60
 11.04	78531.20
 11.04	78604.80
 11.05	78678.40
 11.05	78752.00
 11.06	78825.60
 11.06	78899.20
 11.07	78972.80
 11.07	79046.40
 11.09	79120.00
 11.09	79193.60
 11.10	79267.20
 11.11	79340.80
 11.11	79414.40
 11.12	79488.00
 11.12	79561.60
 11.13	79635.20
 11.14	79708.80
 11.14	79782.40
 11.15	79856.00
 11.16	79929.60
 11.16	80003.20
 11.17	80076.80
 11.17	80150.40
 11.18	80224.00
 11.18	80297.60
 11.19	80371.20
 11.19	80444.80
 11.20	80518.40
 11.20	80592.00
 11.21	80665.60
 11.21	80739.20
 11.22	80812.80
 11.23	80886.40
 11.23	80960.00
 11.24	81033.60
 11.25	81107.20
 11.25	81180.80
 11.29	81254.40
 11.29	81328.00
 11.30	81401.60
 11.31	81475.20
 11.31	81548.80
 11.32	81622.40
 11.33	81696.00
 11.33	81769.60
 11.34	81843.20
 11.34	81916.80
 11.34	81990.40
 11.35	82064.00
 11.36	82137.60
 11.36	82211.20
 11.36	82284.80
 11.37	82358.40
 11.37	82432.00
 11.38	82505.60
 11.38	82579.20
 11.39	82652.80
 11.39	82726.40
 11.40	82800.00
 11.40	82873.60
 11.40	82947.20
 11.41	83020.80
 11.42	83094.40
 11.42	83168.00
 11.42	83241.60
 11.43	83315.20
 11.44	83388.80
 11.44	83462.40
 11.44	83536.00
 11.45	83609.60
 11.46	83683.20
 11.46	83756.80
 11.47	83830.40
 11.47	83904.00
 11.47	83977.60
 11.49	84051.20
 11.49	84124.80
 11.50	84198.40
 11.50	84272.00
 11.50	84345.60
 11.51	84419.20
 11.51	84492.80
 11.52	84566.40
 11.52	84640.00
 11.52	84713.60
 11.53	84787.20
 11.53	84860.80
 11.54	84934.40
 11.54	85008.00
 11.55	85081.60
 11.55	85155.20
 11.56	85228.80
 11.56	85302.40
 11.57	85376.00
 11.58	85449.60
 11.59	85523.20
 11.59	85596.80
 11.60	85670.40
 11.60	85744.00
 11.61	85817.60
 11.62	85891.20
 11.62	85964.80
 11.63	86038.40
 11.64	86112.00
 11.65	86185.60
 11.66	86259.20
 11.66	86332.80
 11.67	86406.40
 11.67	86480.00
 11.68	86553.60
 11.68	86627.20
 11.69	86700.80
 11.70	86774.40
 11.70	86848.00
 11.72	86921.60
 11.73	86995.20
 11.74	87068.80
 11.74	87142.40
 11.77	87216.00
 11.77	87289.60
 11.77	87363.20
 11.78	87436.80
 11.78	87510.40
 11.79	87584.00
 11.79	87657.60
 11.80	87731.20
 11.80	87804.80
 11.80	87878.40
 11.81	87952.00
 11.83	88025.60
 11.84	88099.20
 11.85	88172.80
 11.86	88246.40
 11.87	88320.00
 11.88	88393.60
 11.89	88467.20
 11.90	88540.80
 11.90	88614.40
 11.91	88688.00
 11.91	88761.60
 11.91	88835.20
 11.93	88908.80
 11.94	88982.40
 11.94	89056.00
 11.96	89129.60
 11.97	89203.20
 11.97	89276.80
 11.98	89350.40
 11.98	89424.00
 11.98	89497.60
 11.99	89571.20
 11.99	89644.80
 12.00	89718.40
 12.00	89792.00
 12.01	89865.60
 12.01	89939.20
 12.02	90012.80
 12.03	90086.40
 12.03	90160.00
 12.04	90233.60
 12.04	90307.20
 12.06	90380.80
 12.07	90454.40
 12.08	90528.00
 12.11	90601.60
 12.11	90675.20
 12.12	90748.80
 12.12	90822.40
 12.12	90896.00
 12.13	90969.60
 12.14	91043.20
 12.14	91116.80
 12.16	91190.40
 12.20	91264.00
 12.21	91337.60
 12.21	91411.20
 12.22	91484.80
 12.22	91558.40
 12.23	91632.00
 12.26	91705.60
 12.27	91779.20
 12.29	91852.80
 12.29	91926.40
 12.30	92000.00
 12.31	92073.60
 12.31	92147.20
 12.32	92220.80
 12.32	92294.40
 12.33	92368.00
 12.33	92441.60
 12.34	92515.20
 12.35	92588.80
 12.37	92662.40
 12.37	92736.00
 12.37	92809.60
 12.38	92883.20
 12.39	92956.80
 12.39	93030.40
 12.40	93104.00
 12.40	93177.60
 12.42	93251.20
 12.42	93324.80
 12.43	93398.40
 12.44	93472.00
 12.44	93545.60
 12.45	93619.20
 12.46	93692.80
 12.46	93766.40
 12.47	93840.00
 12.47	93913.60
 12.48	93987.20
 12.48	94060.80
 12.49	94134.40
 12.49	94208.00
 12.51	94281.60
 12.51	94355.20
 12.51	94428.80
 12.52	94502.40
 12.53	94576.00
 12.53	94649.60
 12.53	94723.20
 12.54	94796.80
 12.55	94870.40
 12.56	94944.00
 12.56	95017.60
 12.57	95091.20
 12.57	95164.80
 12.58	95238.40
 12.58	95312.00
 12.59	95385.60
 12.59	95459.20
 12.60	95532.80
 12.62	95606.40
 12.62	95680.00
 12.62	95753.60
 12.63	95827.20
 12.64	95900.80
 12.64	95974.40
 12.65	96048.00
 12.66	96121.60
 12.66	96195.20
 12.66	96268.80
 12.67	96342.40
 12.68	96416.00
 12.69	96489.60
 12.70	96563.20
 12.71	96636.80
 12.72	96710.40
 12.72	96784.00
 12.73	96857.60
 12.73	96931.20
 12.74	97004.80
 12.74	97078.40
 12.75	97152.00
 12.76	97225.60
 12.76	97299.20
 12.77	97372.80
 12.78	97446.40
 12.79	97520.00
 12.79	97593.60
 12.80	97667.20
 12.80	97740.80
 12.81	97814.40
 12.82	97888.00
 12.83	97961.60
 12.97	98035.20
 13.04	98108.80
 13.05	98182.40
 13.06	98256.00
 13.06	98329.60
 13.07	98403.20
 13.07	98476.80
 13.07	98550.40
 13.09	98624.00
 13.13	98697.60
 13.16	98771.20
 13.17	98844.80
 13.18	98918.40
 13.19	98992.00
 13.21	99065.60
 13.22	99139.20
 13.23	99212.80
 13.23	99286.40
 13.23	99360.00
 13.24	99433.60
 13.27	99507.20
 13.27	99580.80
 13.29	99654.40
 13.32	99728.00
 13.34	99801.60
 13.35	99875.20
 13.35	99948.80
 13.36	100022.40
 13.37	100096.00
 13.37	100169.60
 13.38	100243.20
 13.39	100316.80
 13.39	100390.40
 13.40	100464.00
 13.43	100537.60
 13.45	100611.20
 13.46	100684.80
 13.49	100758.40
 13.49	100832.00
 13.50	100905.60
 13.51	100979.20
 13.51	101052.80
 13.57	101126.40
 13.58	101200.00
 13.62	101273.60
 13.65	101347.20
 13.65	101420.80
 13.65	101494.40
 13.66	101568.00
 13.67	101641.60
 13.68	101715.20
 13.73	101788.80
 13.74	101862.40
 13.76	101936.00
 13.78	102009.60
 13.79	102083.20
 13.80	102156.80
 13.81	102230.40
 13.81	102304.00
 13.84	102377.60
 13.85	102451.20
 13.85	102524.80
 13.86	102598.40
 13.86	102672.00
 13.87	102745.60
 13.88	102819.20
 13.88	102892.80
 13.90	102966.40
 13.91	103040.00
 13.92	103113.60
 13.93	103187.20
 13.95	103260.80
 13.96	103334.40
 13.96	103408.00
 13.97	103481.60
 13.97	103555.20
 13.98	103628.80
 13.99	103702.40
 13.99	103776.00
 13.99	103849.60
 14.02	103923.20
 14.04	103996.80
 14.04	104070.40
 14.05	104144.00
 14.07	104217.60
 14.07	104291.20
 14.08	104364.80
 14.08	104438.40
 14.08	104512.00
 14.09	104585.60
 14.09	104659.20
 14.10	104732.80
 14.10	104806.40
 14.10	104880.00
 14.11	104953.60
 14.11	105027.20
 14.12	105100.80
 14.13	105174.40
 14.13	105248.00
 14.13	105321.60
 14.14	105395.20
 14.14	105468.80
 14.14	105542.40
 14.15	105616.00
 14.16	105689.60
 14.16	105763.20
 14.17	105836.80
 14.17	105910.40
 14.18	105984.00
 14.18	106057.60
 14.19	106131.20
 14.19	106204.80
 14.20	106278.40
 14.21	106352.00
 14.21	106425.60
 14.22	106499.20
 14.22	106572.80
 14.24	106646.40
 14.24	106720.00
 14.25	106793.60
 14.26	106867.20
 14.26	106940.80
 14.27	107014.40
 14.29	107088.00
 14.29	107161.60
 14.30	107235.20
 14.31	107308.80
 14.32	107382.40
 14.33	107456.00
 14.33	107529.60
 14.34	107603.20
 14.36	107676.80
 14.37	107750.40
 14.38	107824.00
 14.38	107897.60
 14.40	107971.20
 14.41	108044.80
 14.41	108118.40
 14.42	108192.00
 14.42	108265.60
 14.43	108339.20
 14.44	108412.80
 14.44	108486.40
 14.45	108560.00
 14.46	108633.60
 14.46	108707.20
 14.48	108780.80
 14.49	108854.40
 14.50	108928.00
 14.51	109001.60
 14.52	109075.20
 14.53	109148.80
 14.53	109222.40
 14.54	109296.00
 14.55	109369.60
 14.56	109443.20
 14.56	109516.80
 14.57	109590.40
 14.57	109664.00
 14.58	109737.60
 14.58	109811.20
 14.59	109884.80
 14.59	109958.40
 14.60	110032.00
 14.61	110105.60
 14.62	110179.20
 14.62	110252.80
 14.63	110326.40
 14.64	110400.00
 14.64	110473.60
 14.65	110547.20
 14.65	110620.80
 14.66	110694.40
 14.67	110768.00
 14.69	110841.60
 14.70	110915.20
 14.71	110988.80
 14.72	111062.40
 14.73	111136.00
 14.74	111209.60
 14.75	111283.20
 14.76	111356.80
 14.77	111430.40
 14.77	111504.00
 14.78	111577.60
 14.79	111651.20
 14.79	111724.80
 14.79	111798.40
 14.80	111872.00
 14.82	111945.60
 14.82	112019.20
 14.82	112092.80
 14.83	112166.40
 14.84	112240.00
 14.84	112313.60
 14.85	112387.20
 14.86	112460.80
 14.86	112534.40
 14.87	112608.00
 14.87	112681.60
 14.88	112755.20
 14.88	112828.80
 14.88	112902.40
 14.89	112976.00
 14.89	113049.60
 14.90	113123.20
 14.91	113196.80
 14.92	113270.40
 14.92	113344.00
 14.93	113417.60
 14.94	113491.20
 14.95	113564.80
 14.95	113638.40
 14.95	113712.00
 14.96	113785.60
 14.97	113859.20
 14.98	113932.80
 14.98	114006.40
 14.99	114080.00
 15.00	114153.60
 15.01	114227.20
 15.03	114300.80
 15.03	114374.40
 15.04	114448.00
 15.04	114521.60
 15.05	114595.20
 15.05	114668.80
 15.06	114742.40
 15.06	114816.00
 15.07	114889.60
 15.07	114963.20
 15.09	115036.80
 15.09	115110.40
 15.10	115184.00
 15.10	115257.60
 15.11	115331.20
 15.11	115404.80
 15.12	115478.40
 15.13	115552.00
 15.13	115625.60
 15.13	115699.20
 15.14	115772.80
 15.14	115846.40
 15.14	115920.00
 15.15	115993.60
 15.15	116067.20
 15.16	116140.80
 15.17	116214.40
 15.18	116288.00
 15.18	116361.60
 15.19	116435.20
 15.19	116508.80
 15.20	116582.40
 15.21	116656.00
 15.21	116729.60
 15.22	116803.20
 15.23	116876.80
 15.23	116950.40
 15.25	117024.00
 15.25	117097.60
 15.26	117171.20
 15.27	117244.80
 15.27	117318.40
 15.28	117392.00
 15.28	117465.60
 15.29	117539.20
 15.30	117612.80
 15.30	117686.40
 15.31	117760.00
 15.31	117833.60
 15.32	117907.20
 15.33	117980.80
 15.33	118054.40
 15.33	118128.00
 15.34	118201.60
 15.34	118275.20
 15.35	118348.80
 15.36	118422.40
 15.36	118496.00
 15.36	118569.60
 15.37	118643.20
 15.37	118716.80
 15.37	118790.40
 15.38	118864.00
 15.38	118937.60
 15.40	119011.20
 15.40	119084.80
 15.41	119158.40
 15.41	119232.00
 15.43	119305.60
 15.44	119379.20
 15.45	119452.80
 15.46	119526.40
 15.47	119600.00
 15.47	119673.60
 15.48	119747.20
 15.48	119820.80
 15.48	119894.40
 15.49	119968.00
 15.49	120041.60
 15.49	120115.20
 15.50	120188.80
 15.50	120262.40
 15.51	120336.00
 15.52	120409.60
 15.52	120483.20
 15.52	120556.80
 15.53	120630.40
 15.54	120704.00
 15.54	120777.60
 15.55	120851.20
 15.55	120924.80
 15.55	120998.40
 15.56	121072.00
 15.56	121145.60
 15.57	121219.20
 15.57	121292.80
 15.57	121366.40
 15.58	121440.00
 15.58	121513.60
 15.59	121587.20
 15.60	121660.80
 15.60	121734.40
 15.61	121808.00
 15.62	121881.60
 15.62	121955.20
 15.62	122028.80
 15.63	122102.40
 15.63	122176.00
 15.64	122249.60
 15.64	122323.20
 15.65	122396.80
 15.66	122470.40
 15.66	122544.00
 15.67	122617.60
 15.67	122691.20
 15.67	122764.80
 15.68	122838.40
 15.68	122912.00
 15.69	122985.60
 15.70	123059.20
 15.70	123132.80
 15.70	123206.40
 15.71	123280.00
 15.71	123353.60
 15.71	123427.20
 15.72	123500.80
 15.72	123574.40
 15.73	123648.00
 15.74	123721.60
 15.74	123795.20
 15.75	123868.80
 15.75	123942.40
 15.76	124016.00
 15.78	124089.60
 15.80	124163.20
 15.80	124236.80
 15.81	124310.40
 15.81	124384.00
 15.81	124457.60
 15.82	124531.20
 15.82	124604.80
 15.83	124678.40
 15.84	124752.00
 15.85	124825.60
 15.88	124899.20
 15.88	124972.80
 15.89	125046.40
 15.89	125120.00
 15.91	125193.60
 15.91	125267.20
 15.92	125340.80
 15.93	125414.40
 15.93	125488.00
 15.95	125561.60
 15.96	125635.20
 15.96	125708.80
 15.97	125782.40
 15.97	125856.00
 15.98	125929.60
 15.98	126003.20
 15.98	126076.80
 15.99	126150.40
 15.99	126224.00
 16.00	126297.60
 16.00	126371.20
 16.01	126444.80
 16.01	126518.40
 16.02	126592.00
 16.03	126665.60
 16.03	126739.20
 16.04	126812.80
 16.04	126886.40
 16.05	126960.00
 16.06	127033.60
 16.07	127107.20
 16.07	127180.80
 16.08	127254.40
 16.09	127328.00
 16.09	127401.60
 16.10	127475.20
 16.11	127548.80
 16.12	127622.40
 16.12	127696.00
 16.13	127769.60
 16.14	127843.20
 16.14	127916.80
 16.14	127990.40
 16.17	128064.00
 16.17	128137.60
 16.17	128211.20
 16.18	128284.80
 16.19	128358.40
 16.19	128432.00
 16.19	128505.60
 16.20	128579.20
 16.20	128652.80
 16.21	128726.40
 16.21	128800.00
 16.22	128873.60
 16.22	128947.20
 16.22	129020.80
 16.23	129094.40
 16.24	129168.00
 16.26	129241.60
 16.26	129315.20
 16.27	129388.80
 16.27	129462.40
 16.29	129536.00
 16.29	129609.60
 16.30	129683.20
 16.30	129756.80
 16.30	129830.40
 16.31	129904.00
 16.31	129977.60
 16.32	130051.20
 16.32	130124.80
 16.32	130198.40
 16.33	130272.00
 16.33	130345.60
 16.34	130419.20
 16.34	130492.80
 16.34	130566.40
 16.35	130640.00
 16.35	130713.60
 16.35	130787.20
 16.37	130860.80
 16.37	130934.40
 16.38	131008.00
 16.38	131081.60
 16.38	131155.20
 16.39	131228.80
 16.41	131302.40
 16.41	131376.00
 16.41	131449.60
 16.42	131523.20
 16.42	131596.80
 16.43	131670.40
 16.43	131744.00
 16.44	131817.60
 16.44	131891.20
 16.45	131964.80
 16.45	132038.40
 16.46	132112.00
 16.47	132185.60
 16.47	132259.20
 16.47	132332.80
 16.48	132406.40
 16.49	132480.00
 16.49	132553.60
 16.50	132627.20
 16.50	132700.80
 16.50	132774.40
 16.51	132848.00
 16.52	132921.60
 16.52	132995.20
 16.53	133068.80
 16.54	133142.40
 16.55	133216.00
 16.55	133289.60
 16.56	133363.20
 16.56	133436.80
 16.57	133510.40
 16.58	133584.00
 16.58	133657.60
 16.60	133731.20
 16.60	133804.80
 16.61	133878.40
 16.61	133952.00
 16.62	134025.60
 16.62	134099.20
 16.62	134172.80
 16.63	134246.40
 16.64	134320.00
 16.65	134393.60
 16.65	134467.20
 16.66	134540.80
 16.67	134614.40
 16.68	134688.00
 16.68	134761.60
 16.69	134835.20
 16.70	134908.80
 16.70	134982.40
 16.72	135056.00
 16.72	135129.60
 16.73	135203.20
 16.73	135276.80
 16.74	135350.40
 16.75	135424.00
 16.76	135497.60
 16.76	135571.20
 16.77	135644.80
 16.78	135718.40
 16.78	135792.00
 16.79	135865.60
 16.79	135939.20
 16.82	136012.80
 16.82	136086.40
 16.83	136160.00
 16.84	136233.60
 16.84	136307.20
 16.86	136380.80
 16.86	136454.40
 16.86	136528.00
 16.88	136601.60
 16.88	136675.20
 16.90	136748.80
 16.91	136822.40
 16.91	136896.00
 16.92	136969.60
 16.92	137043.20
 16.93	137116.80
 16.94	137190.40
 16.94	137264.00
 16.95	137337.60
 16.95	137411.20
 16.96	137484.80
 16.97	137558.40
 16.98	137632.00
 16.99	137705.60
 17.00	137779.20
 17.00	137852.80
 17.01	137926.40
 17.02	138000.00
 17.03	138073.60
 17.04	138147.20
 17.05	138220.80
 17.07	138294.40
 17.08	138368.00
 17.09	138441.60
 17.09	138515.20
 17.10	138588.80
 17.12	138662.40
 17.13	138736.00
 17.14	138809.60
 17.14	138883.20
 17.15	138956.80
 17.15	139030.40
 17.17	139104.00
 17.18	139177.60
 17.19	139251.20
 17.19	139324.80
 17.20	139398.40
 17.22	139472.00
 17.22	139545.60
 17.23	139619.20
 17.23	139692.80
 17.24	139766.40
 17.25	139840.00
 17.27	139913.60
 17.29	139987.20
 17.30	140060.80
 17.30	140134.40
 17.31	140208.00
 17.32	140281.60
 17.32	140355.20
 17.33	140428.80
 17.35	140502.40
 17.36	140576.00
 17.37	140649.60
 17.38	140723.20
 17.39	140796.80
 17.40	140870.40
 17.41	140944.00
 17.41	141017.60
 17.42	141091.20
 17.46	141164.80
 17.48	141238.40
 17.49	141312.00
 17.49	141385.60
 17.50	141459.20
 17.51	141532.80
 17.51	141606.40
 17.52	141680.00
 17.54	141753.60
 17.55	141827.20
 17.55	141900.80
 17.58	141974.40
 17.59	142048.00
 17.59	142121.60
 17.60	142195.20
 17.61	142268.80
 17.62	142342.40
 17.62	142416.00
 17.62	142489.60
 17.63	142563.20
 17.63	142636.80
 17.64	142710.40
 17.64	142784.00
 17.65	142857.60
 17.67	142931.20
 17.68	143004.80
 17.69	143078.40
 17.70	143152.00
 17.70	143225.60
 17.71	143299.20
 17.71	143372.80
 17.72	143446.40
 17.72	143520.00
 17.72	143593.60
 17.73	143667.20
 17.73	143740.80
 17.74	143814.40
 17.75	143888.00
 17.75	143961.60
 17.75	144035.20
 17.76	144108.80
 17.76	144182.40
 17.77	144256.00
 17.77	144329.60
 17.78	144403.20
 17.79	144476.80
 17.80	144550.40
 17.80	144624.00
 17.80	144697.60
 17.81	144771.20
 17.82	144844.80
 17.83	144918.40
 17.83	144992.00
 17.84	145065.60
 17.84	145139.20
 17.86	145212.80
 17.86	145286.40
 17.87	145360.00
 17.88	145433.60
 17.89	145507.20
 17.90	145580.80
 17.91	145654.40
 17.91	145728.00
 17.92	145801.60
 17.92	145875.20
 17.92	145948.80
 17.93	146022.40
 17.94	146096.00
 17.94	146169.60
 17.95	146243.20
 17.95	146316.80
 17.97	146390.40
 17.98	146464.00
 17.98	146537.60
 17.99	146611.20
 17.99	146684.80
 17.99	146758.40
 18.00	146832.00
 18.00	146905.60
 18.01	146979.20
 18.01	147052.80
 18.02	147126.40
 18.03	147200.00
 18.03	147273.60
 18.04	147347.20
 18.05	147420.80
 18.05	147494.40
 18.05	147568.00
 18.06	147641.60
 18.06	147715.20
 18.07	147788.80
 18.08	147862.40
 18.09	147936.00
 18.10	148009.60
 18.10	148083.20
 18.10	148156.80
 18.12	148230.40
 18.12	148304.00
 18.13	148377.60
 18.14	148451.20
 18.15	148524.80
 18.15	148598.40
 18.16	148672.00
 18.16	148745.60
 18.16	148819.20
 18.17	148892.80
 18.18	148966.40
 18.18	149040.00
 18.19	149113.60
 18.20	149187.20
 18.20	149260.80
 18.21	149334.40
 18.22	149408.00
 18.23	149481.60
 18.23	149555.20
 18.24	149628.80
 18.24	149702.40
 18.25	149776.00
 18.25	149849.60
 18.26	149923.20
 18.26	149996.80
 18.27	150070.40
 18.27	150144.00
 18.27	150217.60
 18.28	150291.20
 18.28	150364.80
 18.28	150438.40
 18.29	150512.00
 18.29	150585.60
 18.29	150659.20
 18.30	150732.80
 18.30	150806.40
 18.32	150880.00
 18.33	150953.60
 18.33	151027.20
 18.34	151100.80
 18.34	151174.40
 18.35	151248.00
 18.35	151321.60
 18.36	151395.20
 18.36	151468.80
 18.38	151542.40
 18.38	151616.00
 18.39	151689.60
 18.40	151763.20
 18.40	151836.80
 18.41	151910.40
 18.41	151984.00
 18.42	152057.60
 18.42	152131.20
 18.42	152204.80
 18.43	152278.40
 18.43	152352.00
 18.43	152425.60
 18.44	152499.20
 18.44	152572.80
 18.45	152646.40
 18.45	152720.00
 18.46	152793.60
 18.46	152867.20
 18.46	152940.80
 18.47	153014.40
 18.47	153088.00
 18.48	153161.60
 18.48	153235.20
 18.49	153308.80
 18.49	153382.40
 18.49	153456.00
 18.50	153529.60
 18.50	153603.20
 18.51	153676.80
 18.51	153750.40
 18.52	153824.00
 18.52	153897.60
 18.53	153971.20
 18.53	154044.80
 18.53	154118.40
 18.54	154192.00
 18.54	154265.60
 18.55	154339.20
 18.55	154412.80
 18.55	154486.40
 18.56	154560.00
 18.56	154633.60
 18.57	154707.20
 18.57	154780.80
 18.58	154854.40
 18.59	154928.00
 18.60	155001.60
 18.60	155075.20
 18.60	155148.80
 18.61	155222.40
 18.61	155296.00
 18.61	155369.60
 18.62	155443.20
 18.62	155516.80
 18.63	155590.40
 18.63	155664.00
 18.64	155737.60
 18.64	155811.20
 18.65	155884.80
 18.65	155958.40
 18.66	156032.00
 18.66	156105.60
 18.67	156179.20
 18.67	156252.80
 18.68	156326.40
 18.68	156400.00
 18.68	156473.60
 18.69	156547.20
 18.70	156620.80
 18.70	156694.40
 18.71	156768.00
 18.71	156841.60
 18.73	156915.20
 18.73	156988.80
 18.74	157062.40
 18.74	157136.00
 18.75	157209.60
 18.77	157283.20
 18.78	157356.80
 18.79	157430.40
 18.79	157504.00
 18.79	157577.60
 18.80	157651.20
 18.80	157724.80
 18.81	157798.40
 18.81	157872.00
 18.82	157945.60
 18.83	158019.20
 18.84	158092.80
 18.84	158166.40
 18.85	158240.00
 18.85	158313.60
 18.86	158387.20
 18.86	158460.80
 18.87	158534.40
 18.87	158608.00
 18.88	158681.60
 18.88	158755.20
 18.88	158828.80
 18.89	158902.40
 18.89	158976.00
 18.94	159049.60
 18.94	159123.20
 18.96	159196.80
 18.97	159270.40
 18.98	159344.00
 19.00	159417.60
 19.00	159491.20
 19.01	159564.80
 19.01	159638.40
 19.02	159712.00
 19.03	159785.60
 19.03	159859.20
 19.04	159932.80
 19.05	160006.40
 19.05	160080.00
 19.06	160153.60
 19.06	160227.20
 19.07	160300.80
 19.07	160374.40
 19.08	160448.00
 19.08	160521.60
 19.09	160595.20
 19.09	160668.80
 19.09	160742.40
 19.11	160816.00
 19.11	160889.60
 19.11	160963.20
 19.12	161036.80
 19.12	161110.40
 19.13	161184.00
 19.14	161257.60
 19.14	161331.20
 19.15	161404.80
 19.16	161478.40
 19.16	161552.00
 19.17	161625.60
 19.18	161699.20
 19.19	161772.80
 19.20	161846.40
 19.21	161920.00
 19.22	161993.60
 19.22	162067.20
 19.23	162140.80
 19.23	162214.40
 19.24	162288.00
 19.25	162361.60
 19.26	162435.20
 19.27	162508.80
 19.27	162582.40
 19.28	162656.00
 19.29	162729.60
 19.29	162803.20
 19.31	162876.80
 19.31	162950.40
 19.32	163024.00
 19.33	163097.60
 19.33	163171.20
 19.35	163244.80
 19.36	163318.40
 19.37	163392.00
 19.39	163465.60
 19.39	163539.20
 19.41	163612.80
 19.42	163686.40
 19.42	163760.00
 19.43	163833.60
 19.43	163907.20
 19.44	163980.80
 19.46	164054.40
 19.47	164128.00
 19.51	164201.60
 19.52	164275.20
 19.53	164348.80
 19.53	164422.40
 19.56	164496.00
 19.56	164569.60
 19.57	164643.20
 19.57	164716.80
 19.57	164790.40
 19.58	164864.00
 19.58	164937.60
 19.60	165011.20
 19.61	165084.80
 19.64	165158.40
 19.64	165232.00
 19.64	165305.60
 19.65	165379.20
 19.66	165452.80
 19.66	165526.40
 19.67	165600.00
 19.67	165673.60
 19.68	165747.20
 19.69	165820.80
 19.70	165894.40
 19.70	165968.00
 19.70	166041.60
 19.73	166115.20
 19.73	166188.80
 19.74	166262.40
 19.75	166336.00
 19.76	166409.60
 19.76	166483.20
 19.78	166556.80
 19.78	166630.40
 19.78	166704.00
 19.79	166777.60
 19.79	166851.20
 19.80	166924.80
 19.81	166998.40
 19.82	167072.00
 19.84	167145.60
 19.84	167219.20
 19.85	167292.80
 19.85	167366.40
 19.86	167440.00
 19.86	167513.60
 19.86	167587.20
 19.87	167660.80
 19.88	167734.40
 19.88	167808.00
 19.89	167881.60
 19.90	167955.20
 19.90	168028.80
 19.91	168102.40
 19.91	168176.00
 19.93	168249.60
 19.94	168323.20
 19.94	168396.80
 19.96	168470.40
 19.97	168544.00
 19.98	168617.60
 19.98	168691.20
 19.99	168764.80
