 2.27	102.40
 2.27	204.80
 2.28	307.20
 2.28	409.60
 2.29	512.00
 2.30	614.40
 2.31	716.80
 2.32	819.20
 2.37	921.60
 2.38	1024.00
 2.39	1126.40
 2.40	1228.80
 2.41	1331.20
 2.42	1433.60
 2.43	1536.00
 2.43	1638.40
 2.44	1740.80
 2.45	1843.20
 2.45	1945.60
 2.47	2048.00
 2.47	2150.40
 2.47	2252.80
 2.49	2355.20
 2.49	2457.60
 2.50	2560.00
 2.51	2662.40
 2.52	2764.80
 2.52	2867.20
 2.53	2969.60
 2.54	3072.00
 2.54	3174.40
 2.54	3276.80
 2.55	3379.20
 2.56	3481.60
 2.56	3584.00
 2.57	3686.40
 2.57	3788.80
 2.57	3891.20
 2.58	3993.60
 2.59	4096.00
 2.60	4198.40
 2.60	4300.80
 2.61	4403.20
 2.61	4505.60
 2.62	4608.00
 2.62	4710.40
 2.63	4812.80
 2.63	4915.20
 2.64	5017.60
 2.65	5120.00
 2.65	5222.40
 2.66	5324.80
 2.67	5427.20
 2.68	5529.60
 2.68	5632.00
 2.69	5734.40
 2.69	5836.80
 2.70	5939.20
 2.70	6041.60
 2.70	6144.00
 2.71	6246.40
 2.72	6348.80
 2.73	6451.20
 2.74	6553.60
 2.74	6656.00
 2.75	6758.40
 2.76	6860.80
 2.76	6963.20
 2.77	7065.60
 2.77	7168.00
 2.78	7270.40
 2.79	7372.80
 2.79	7475.20
 2.80	7577.60
 2.80	7680.00
 2.81	7782.40
 2.81	7884.80
 2.82	7987.20
 2.83	8089.60
 2.83	8192.00
 2.84	8294.40
 2.84	8396.80
 2.85	8499.20
 2.86	8601.60
 2.86	8704.00
 2.87	8806.40
 2.87	8908.80
 2.88	9011.20
 2.89	9113.60
 2.89	9216.00
 2.90	9318.40
 2.90	9420.80
 2.91	9523.20
 2.92	9625.60
 2.92	9728.00
 2.93	9830.40
 2.93	9932.80
 2.93	10035.20
 2.94	10137.60
 2.95	10240.00
 2.96	10342.40
 2.96	10444.80
 2.96	10547.20
 2.97	10649.60
 2.98	10752.00
 2.99	10854.40
 2.99	10956.80
 3.00	11059.20
 3.00	11161.60
 3.00	11264.00
 3.01	11366.40
 3.02	11468.80
 3.03	11571.20
 3.03	11673.60
 3.03	11776.00
 3.04	11878.40
 3.06	11980.80
 3.06	12083.20
 3.08	12185.60
 3.09	12288.00
 3.09	12390.40
 3.10	12492.80
 3.10	12595.20
 3.11	12697.60
 3.11	12800.00
 3.12	12902.40
 3.12	13004.80
 3.13	13107.20
 3.13	13209.60
 3.14	13312.00
 3.14	13414.40
 3.15	13516.80
 3.16	13619.20
 3.17	13721.60
 3.18	13824.00
 3.18	13926.40
 3.19	14028.80
 3.19	14131.20
 3.20	14233.60
 3.21	14336.00
 3.22	14438.40
 3.22	14540.80
 3.23	14643.20
 3.24	14745.60
 3.24	14848.00
 3.25	14950.40
 3.26	15052.80
 3.26	15155.20
 3.27	15257.60
 3.28	15360.00
 3.29	15462.40
 3.29	15564.80
 3.29	15667.20
 3.30	15769.60
 3.30	15872.00
 3.31	15974.40
 3.31	16076.80
 3.32	16179.20
 3.32	16281.60
 3.32	16384.00
 3.33	16486.40
 3.33	16588.80
 3.34	16691.20
 3.34	16793.60
 3.35	16896.00
 3.35	16998.40
 3.35	17100.80
 3.36	17203.20
 3.36	17305.60
 3.37	17408.00
 3.37	17510.40
 3.38	17612.80
 3.39	17715.20
 3.39	17817.60
 3.40	17920.00
 3.40	18022.40
 3.41	18124.80
 3.41	18227.20
 3.42	18329.60
 3.43	18432.00
 3.43	18534.40
 3.44	18636.80
 3.44	18739.20
 3.45	18841.60
 3.45	18944.00
 3.46	19046.40
 3.47	19148.80
 3.49	19251.20
 3.49	19353.60
 3.50	19456.00
 3.50	19558.40
 3.51	19660.80
 3.52	19763.20
 3.52	19865.60
 3.53	19968.00
 3.53	20070.40
 3.54	20172.80
 3.54	20275.20
 3.55	20377.60
 3.56	20480.00
 3.57	20582.40
 3.58	20684.80
 3.59	20787.20
 3.59	20889.60
 3.59	20992.00
 3.60	21094.40
 3.60	21196.80
 3.61	21299.20
 3.62	21401.60
 3.63	21504.00
 3.64	21606.40
 3.64	21708.80
 3.65	21811.20
 3.66	21913.60
 3.66	22016.00
 3.66	22118.40
 3.67	22220.80
 3.68	22323.20
 3.69	22425.60
 3.70	22528.00
 3.70	22630.40
 3.71	22732.80
 3.72	22835.20
 3.72	22937.60
 3.73	23040.00
 3.73	23142.40
 3.74	23244.80
 3.74	23347.20
 3.75	23449.60
 3.75	23552.00
 3.76	23654.40
 3.77	23756.80
 3.78	23859.20
 3.78	23961.60
 3.79	24064.00
 3.79	24166.40
 3.80	24268.80
 3.81	24371.20
 3.81	24473.60
 3.84	24576.00
 3.98	24678.40
 4.03	24780.80
 4.04	24883.20
 4.05	24985.60
 4.08	25088.00
 4.08	25190.40
 4.09	25292.80
 4.09	25395.20
 4.10	25497.60
 4.14	25600.00
 4.14	25702.40
 4.15	25804.80
 4.17	25907.20
 4.17	26009.60
 4.18	26112.00
 4.20	26214.40
 4.20	26316.80
 4.21	26419.20
 4.22	26521.60
 4.22	26624.00
 4.23	26726.40
 4.24	26828.80
 4.24	26931.20
 4.25	27033.60
 4.25	27136.00
 4.26	27238.40
 4.27	27340.80
 4.27	27443.20
 4.28	27545.60
 4.28	27648.00
 4.29	27750.40
 4.29	27852.80
 4.30	27955.20
 4.30	28057.60
 4.32	28160.00
 4.32	28262.40
 4.32	28364.80
 4.33	28467.20
 4.34	28569.60
 4.34	28672.00
 4.35	28774.40
 4.35	28876.80
 4.36	28979.20
 4.36	29081.60
 4.37	29184.00
 4.39	29286.40
 4.40	29388.80
 4.43	29491.20
 4.43	29593.60
 4.43	29696.00
 4.45	29798.40
 4.45	29900.80
 4.47	30003.20
 4.47	30105.60
 4.49	30208.00
 4.50	30310.40
 4.51	30412.80
 4.51	30515.20
 4.52	30617.60
 4.53	30720.00
 4.53	30822.40
 4.54	30924.80
 4.56	31027.20
 4.56	31129.60
 4.56	31232.00
 4.57	31334.40
 4.58	31436.80
 4.59	31539.20
 4.60	31641.60
 4.60	31744.00
 4.61	31846.40
 4.61	31948.80
 4.62	32051.20
 4.63	32153.60
 4.64	32256.00
 4.64	32358.40
 4.66	32460.80
 4.67	32563.20
 4.67	32665.60
 4.71	32768.00
 4.71	32870.40
 4.72	32972.80
 4.73	33075.20
 4.73	33177.60
 4.75	33280.00
 4.75	33382.40
 4.76	33484.80
 4.77	33587.20
 4.77	33689.60
 4.78	33792.00
 4.78	33894.40
 4.79	33996.80
 4.79	34099.20
 4.79	34201.60
 4.80	34304.00
 4.80	34406.40
 4.81	34508.80
 4.81	34611.20
 4.81	34713.60
 4.82	34816.00
 4.83	34918.40
 4.84	35020.80
 4.84	35123.20
 4.85	35225.60
 4.85	35328.00
 4.86	35430.40
 4.86	35532.80
 4.87	35635.20
 4.87	35737.60
 4.87	35840.00
 4.88	35942.40
 4.89	36044.80
 4.89	36147.20
 4.90	36249.60
 4.91	36352.00
 4.93	36454.40
 4.93	36556.80
 4.94	36659.20
 4.94	36761.60
 4.96	36864.00
 4.97	36966.40
 4.97	37068.80
 4.99	37171.20
 4.99	37273.60
 5.00	37376.00
 5.00	37478.40
 5.01	37580.80
 5.02	37683.20
 5.03	37785.60
 5.04	37888.00
 5.05	37990.40
 5.05	38092.80
 5.05	38195.20
 5.07	38297.60
 5.08	38400.00
 5.09	38502.40
 5.10	38604.80
 5.11	38707.20
 5.11	38809.60
 5.13	38912.00
 5.13	39014.40
 5.14	39116.80
 5.15	39219.20
 5.15	39321.60
 5.17	39424.00
 5.18	39526.40
 5.18	39628.80
 5.19	39731.20
 5.19	39833.60
 5.20	39936.00
 5.20	40038.40
 5.20	40140.80
 5.21	40243.20
 5.22	40345.60
 5.23	40448.00
 5.24	40550.40
 5.25	40652.80
 5.26	40755.20
 5.27	40857.60
 5.29	40960.00
 5.31	41062.40
 5.31	41164.80
 5.34	41267.20
 5.34	41369.60
 5.36	41472.00
 5.38	41574.40
 5.40	41676.80
 5.41	41779.20
 5.43	41881.60
 5.45	41984.00
 5.45	42086.40
 5.45	42188.80
 5.51	42291.20
 5.51	42393.60
 5.51	42496.00
 5.55	42598.40
 5.57	42700.80
 5.58	42803.20
 5.59	42905.60
 5.62	43008.00
 5.64	43110.40
 5.64	43212.80
 5.65	43315.20
 5.66	43417.60
 5.67	43520.00
 5.68	43622.40
 5.69	43724.80
 5.69	43827.20
 5.70	43929.60
 5.71	44032.00
 5.72	44134.40
 5.73	44236.80
 5.74	44339.20
 5.75	44441.60
 5.76	44544.00
 5.77	44646.40
 5.77	44748.80
 5.78	44851.20
 5.78	44953.60
 5.80	45056.00
 5.82	45158.40
 5.83	45260.80
 5.84	45363.20
 5.85	45465.60
 5.85	45568.00
 5.86	45670.40
 5.87	45772.80
 5.87	45875.20
 5.89	45977.60
 5.89	46080.00
 5.90	46182.40
 5.90	46284.80
 5.91	46387.20
 5.92	46489.60
 5.93	46592.00
 5.93	46694.40
 5.94	46796.80
 5.95	46899.20
 5.96	47001.60
 5.97	47104.00
 5.97	47206.40
 5.98	47308.80
 5.99	47411.20
 6.00	47513.60
 6.01	47616.00
 6.01	47718.40
 6.02	47820.80
 6.02	47923.20
 6.04	48025.60
 6.04	48128.00
 6.05	48230.40
 6.06	48332.80
 6.06	48435.20
 6.06	48537.60
 6.07	48640.00
 6.08	48742.40
 6.09	48844.80
 6.10	48947.20
 6.10	49049.60
 6.11	49152.00
 6.11	49254.40
 6.12	49356.80
 6.14	49459.20
 6.15	49561.60
 6.16	49664.00
 6.17	49766.40
 6.17	49868.80
 6.18	49971.20
 6.19	50073.60
 6.20	50176.00
 6.20	50278.40
 6.22	50380.80
 6.23	50483.20
 6.25	50585.60
 6.25	50688.00
 6.25	50790.40
 6.26	50892.80
 6.27	50995.20
 6.28	51097.60
 6.28	51200.00
 6.29	51302.40
 6.31	51404.80
 6.31	51507.20
 6.32	51609.60
 6.33	51712.00
 6.34	51814.40
 6.34	51916.80
 6.35	52019.20
 6.35	52121.60
 6.36	52224.00
 6.36	52326.40
 6.37	52428.80
 6.38	52531.20
 6.38	52633.60
 6.39	52736.00
 6.39	52838.40
 6.40	52940.80
 6.41	53043.20
 6.42	53145.60
 6.42	53248.00
 6.44	53350.40
 6.44	53452.80
 6.49	53555.20
 6.52	53657.60
 6.53	53760.00
 6.53	53862.40
 6.54	53964.80
 6.55	54067.20
 6.55	54169.60
 6.57	54272.00
 6.57	54374.40
 6.58	54476.80
 6.59	54579.20
 6.61	54681.60
 6.61	54784.00
 6.61	54886.40
 6.62	54988.80
 6.62	55091.20
 6.63	55193.60
 6.64	55296.00
 6.64	55398.40
 6.64	55500.80
 6.65	55603.20
 6.66	55705.60
 6.67	55808.00
 6.68	55910.40
 6.69	56012.80
 6.70	56115.20
 6.70	56217.60
 6.72	56320.00
 6.72	56422.40
 6.74	56524.80
 6.75	56627.20
 6.77	56729.60
 6.79	56832.00
 6.81	56934.40
 6.84	57036.80
 6.90	57139.20
 6.95	57241.60
 6.96	57344.00
 7.00	57446.40
 7.01	57548.80
 7.01	57651.20
 7.01	57753.60
 7.03	57856.00
 7.03	57958.40
 7.03	58060.80
 7.04	58163.20
 7.06	58265.60
 7.07	58368.00
 7.08	58470.40
 7.08	58572.80
 7.09	58675.20
 7.09	58777.60
 7.10	58880.00
 7.11	58982.40
 7.13	59084.80
 7.15	59187.20
 7.15	59289.60
 7.19	59392.00
 7.20	59494.40
 7.20	59596.80
 7.21	59699.20
 7.21	59801.60
 7.22	59904.00
 7.24	60006.40
 7.24	60108.80
 7.25	60211.20
 7.26	60313.60
 7.27	60416.00
 7.28	60518.40
 7.28	60620.80
 7.30	60723.20
 7.32	60825.60
 7.33	60928.00
 7.33	61030.40
 7.34	61132.80
 7.35	61235.20
 7.38	61337.60
 7.40	61440.00
 7.41	61542.40
 7.41	61644.80
 7.42	61747.20
 7.42	61849.60
 7.60	61952.00
 7.62	62054.40
 7.62	62156.80
 7.63	62259.20
 7.63	62361.60
 7.65	62464.00
 7.66	62566.40
 7.70	62668.80
 7.71	62771.20
 7.76	62873.60
 7.78	62976.00
 7.78	63078.40
 7.79	63180.80
 7.80	63283.20
 7.81	63385.60
 7.82	63488.00
 7.82	63590.40
 7.83	63692.80
 7.83	63795.20
 7.84	63897.60
 7.85	64000.00
 7.85	64102.40
 7.86	64204.80
 7.86	64307.20
 7.87	64409.60
 7.87	64512.00
 7.88	64614.40
 7.89	64716.80
 7.90	64819.20
 7.91	64921.60
 7.91	65024.00
 7.92	65126.40
 7.93	65228.80
 7.93	65331.20
 7.94	65433.60
 7.95	65536.00
 7.96	65638.40
 7.97	65740.80
 7.99	65843.20
 8.00	65945.60
 8.01	66048.00
 8.03	66150.40
 8.03	66252.80
 8.04	66355.20
 8.09	66457.60
 8.10	66560.00
 8.10	66662.40
 8.11	66764.80
 8.12	66867.20
 8.14	66969.60
 8.17	67072.00
 8.18	67174.40
 8.18	67276.80
 8.21	67379.20
 8.23	67481.60
 8.25	67584.00
 8.26	67686.40
 8.27	67788.80
 8.27	67891.20
 8.28	67993.60
 8.28	68096.00
 8.30	68198.40
 8.31	68300.80
 8.31	68403.20
 8.32	68505.60
 8.34	68608.00
 8.36	68710.40
 8.37	68812.80
 8.37	68915.20
 8.38	69017.60
 8.39	69120.00
 8.39	69222.40
 8.40	69324.80
 8.41	69427.20
 8.42	69529.60
 8.42	69632.00
 8.43	69734.40
 8.44	69836.80
 8.44	69939.20
 8.45	70041.60
 8.45	70144.00
 8.46	70246.40
 8.48	70348.80
 8.49	70451.20
 8.50	70553.60
 8.50	70656.00
 8.51	70758.40
 8.52	70860.80
 8.53	70963.20
 8.54	71065.60
 8.54	71168.00
 8.55	71270.40
 8.55	71372.80
 8.56	71475.20
 8.57	71577.60
 8.57	71680.00
 8.58	71782.40
 8.59	71884.80
 8.61	71987.20
 8.61	72089.60
 8.61	72192.00
 8.62	72294.40
 8.63	72396.80
 8.63	72499.20
 8.64	72601.60
 8.65	72704.00
 8.66	72806.40
 8.66	72908.80
 8.66	73011.20
 8.68	73113.60
 8.68	73216.00
 8.69	73318.40
 8.69	73420.80
 8.69	73523.20
 8.70	73625.60
 8.71	73728.00
 8.72	73830.40
 8.72	73932.80
 8.73	74035.20
 8.73	74137.60
 8.74	74240.00
 8.75	74342.40
 8.75	74444.80
 8.76	74547.20
 8.76	74649.60
 8.77	74752.00
 8.78	74854.40
 8.78	74956.80
 8.79	75059.20
 8.82	75161.60
 8.82	75264.00
 8.83	75366.40
 8.83	75468.80
 8.84	75571.20
 8.85	75673.60
 8.85	75776.00
 8.86	75878.40
 8.87	75980.80
 8.88	76083.20
 8.91	76185.60
 8.92	76288.00
 8.93	76390.40
 8.93	76492.80
 8.94	76595.20
 8.94	76697.60
 8.95	76800.00
 8.95	76902.40
 8.96	77004.80
 8.97	77107.20
 8.97	77209.60
 8.97	77312.00
 8.98	77414.40
 8.98	77516.80
 8.99	77619.20
 9.00	77721.60
 9.00	77824.00
 9.01	77926.40
 9.01	78028.80
 9.02	78131.20
 9.02	78233.60
 9.03	78336.00
 9.03	78438.40
 9.04	78540.80
 9.04	78643.20
 9.05	78745.60
 9.06	78848.00
 9.07	78950.40
 9.07	79052.80
 9.08	79155.20
 9.09	79257.60
 9.09	79360.00
 9.10	79462.40
 9.10	79564.80
 9.11	79667.20
 9.11	79769.60
 9.12	79872.00
 9.13	79974.40
 9.13	80076.80
 9.14	80179.20
 9.14	80281.60
 9.15	80384.00
 9.15	80486.40
 9.16	80588.80
 9.16	80691.20
 9.17	80793.60
 9.18	80896.00
 9.18	80998.40
 9.19	81100.80
 9.20	81203.20
 9.21	81305.60
 9.22	81408.00
 9.23	81510.40
 9.23	81612.80
 9.24	81715.20
 9.24	81817.60
 9.25	81920.00
 9.25	82022.40
 9.26	82124.80
 9.26	82227.20
 9.27	82329.60
 9.27	82432.00
 9.27	82534.40
 9.28	82636.80
 9.28	82739.20
 9.29	82841.60
 9.29	82944.00
 9.30	83046.40
 9.31	83148.80
 9.31	83251.20
 9.32	83353.60
 9.32	83456.00
 9.32	83558.40
 9.33	83660.80
 9.33	83763.20
 9.34	83865.60
 9.34	83968.00
 9.35	84070.40
 9.35	84172.80
 9.36	84275.20
 9.36	84377.60
 9.37	84480.00
 9.37	84582.40
 9.37	84684.80
 9.38	84787.20
 9.39	84889.60
 9.39	84992.00
 9.40	85094.40
 9.40	85196.80
 9.40	85299.20
 9.41	85401.60
 9.41	85504.00
 9.42	85606.40
 9.42	85708.80
 9.43	85811.20
 9.43	85913.60
 9.44	86016.00
 9.44	86118.40
 9.45	86220.80
 9.45	86323.20
 9.46	86425.60
 9.46	86528.00
 9.47	86630.40
 9.47	86732.80
 9.48	86835.20
 9.48	86937.60
 9.49	87040.00
 9.50	87142.40
 9.50	87244.80
 9.51	87347.20
 9.51	87449.60
 9.52	87552.00
 9.52	87654.40
 9.53	87756.80
 9.53	87859.20
 9.54	87961.60
 9.55	88064.00
 9.55	88166.40
 9.56	88268.80
 9.57	88371.20
 9.57	88473.60
 9.57	88576.00
 9.58	88678.40
 9.58	88780.80
 9.59	88883.20
 9.59	88985.60
 9.60	89088.00
 9.60	89190.40
 9.61	89292.80
 9.61	89395.20
 9.62	89497.60
 9.62	89600.00
 9.63	89702.40
 9.64	89804.80
 9.65	89907.20
 9.66	90009.60
 9.67	90112.00
 9.67	90214.40
 9.68	90316.80
 9.69	90419.20
 9.69	90521.60
 9.69	90624.00
 9.71	90726.40
 9.72	90828.80
 9.72	90931.20
 9.73	91033.60
 9.73	91136.00
 9.74	91238.40
 9.75	91340.80
 9.76	91443.20
 9.77	91545.60
 9.78	91648.00
 9.78	91750.40
 9.78	91852.80
 9.79	91955.20
 9.79	92057.60
 9.80	92160.00
 9.80	92262.40
 9.81	92364.80
 9.81	92467.20
 9.81	92569.60
 9.82	92672.00
 9.83	92774.40
 9.83	92876.80
 9.84	92979.20
 9.84	93081.60
 9.85	93184.00
 9.85	93286.40
 9.86	93388.80
 9.86	93491.20
 9.87	93593.60
 9.87	93696.00
 9.88	93798.40
 9.88	93900.80
 9.89	94003.20
 9.89	94105.60
 9.90	94208.00
 9.90	94310.40
 9.91	94412.80
 9.91	94515.20
 9.92	94617.60
 9.93	94720.00
 9.93	94822.40
 9.94	94924.80
 9.94	95027.20
 9.94	95129.60
 9.95	95232.00
 9.95	95334.40
 9.96	95436.80
 9.96	95539.20
 9.97	95641.60
 9.98	95744.00
 9.99	95846.40
 10.00	95948.80
 10.00	96051.20
 10.00	96153.60
 10.01	96256.00
 10.02	96358.40
 10.02	96460.80
 10.03	96563.20
 10.04	96665.60
 10.04	96768.00
 10.05	96870.40
 10.05	96972.80
 10.06	97075.20
 10.07	97177.60
 10.08	97280.00
 10.08	97382.40
 10.09	97484.80
 10.10	97587.20
 10.11	97689.60
 10.11	97792.00
 10.12	97894.40
 10.12	97996.80
 10.13	98099.20
 10.13	98201.60
 10.14	98304.00
 10.14	98406.40
 10.15	98508.80
 10.15	98611.20
 10.16	98713.60
 10.16	98816.00
 10.17	98918.40
 10.17	99020.80
 10.18	99123.20
 10.18	99225.60
 10.18	99328.00
 10.19	99430.40
 10.20	99532.80
 10.20	99635.20
 10.20	99737.60
 10.21	99840.00
 10.21	99942.40
 10.22	100044.80
 10.22	100147.20
 10.23	100249.60
 10.23	100352.00
 10.24	100454.40
 10.24	100556.80
 10.25	100659.20
 10.25	100761.60
 10.25	100864.00
 10.26	100966.40
 10.26	101068.80
 10.27	101171.20
 10.27	101273.60
 10.27	101376.00
 10.28	101478.40
 10.29	101580.80
 10.29	101683.20
 10.29	101785.60
 10.30	101888.00
 10.30	101990.40
 10.31	102092.80
 10.31	102195.20
 10.31	102297.60
 10.32	102400.00
 10.32	102502.40
 10.33	102604.80
 10.33	102707.20
 10.34	102809.60
 10.34	102912.00
 10.35	103014.40
 10.35	103116.80
 10.36	103219.20
 10.37	103321.60
 10.37	103424.00
 10.37	103526.40
 10.38	103628.80
 10.38	103731.20
 10.39	103833.60
 10.39	103936.00
 10.40	104038.40
 10.40	104140.80
 10.41	104243.20
 10.41	104345.60
 10.42	104448.00
 10.42	104550.40
 10.42	104652.80
 10.43	104755.20
 10.44	104857.60
 10.44	104960.00
 10.45	105062.40
 10.46	105164.80
 10.47	105267.20
 10.47	105369.60
 10.48	105472.00
 10.48	105574.40
 10.49	105676.80
 10.49	105779.20
 10.50	105881.60
 10.51	105984.00
 10.51	106086.40
 10.52	106188.80
 10.52	106291.20
 10.53	106393.60
 10.54	106496.00
 10.54	106598.40
 10.55	106700.80
 10.55	106803.20
 10.56	106905.60
 10.56	107008.00
 10.57	107110.40
 10.57	107212.80
 10.58	107315.20
 10.59	107417.60
 10.59	107520.00
 10.60	107622.40
 10.61	107724.80
 10.61	107827.20
 10.62	107929.60
 10.62	108032.00
 10.63	108134.40
 10.63	108236.80
 10.64	108339.20
 10.64	108441.60
 10.64	108544.00
 10.65	108646.40
 10.65	108748.80
 10.66	108851.20
 10.67	108953.60
 10.67	109056.00
 10.68	109158.40
 10.68	109260.80
 10.69	109363.20
 10.70	109465.60
 10.70	109568.00
 10.70	109670.40
 10.71	109772.80
 10.71	109875.20
 10.72	109977.60
 10.72	110080.00
 10.73	110182.40
 10.73	110284.80
 10.74	110387.20
 10.74	110489.60
 10.75	110592.00
 10.75	110694.40
 10.76	110796.80
 10.76	110899.20
 10.77	111001.60
 10.77	111104.00
 10.78	111206.40
 10.79	111308.80
 10.79	111411.20
 10.80	111513.60
 10.80	111616.00
 10.81	111718.40
 10.81	111820.80
 10.81	111923.20
 10.82	112025.60
 10.82	112128.00
 10.83	112230.40
 10.83	112332.80
 10.83	112435.20
 10.84	112537.60
 10.84	112640.00
 10.85	112742.40
 10.85	112844.80
 10.86	112947.20
 10.86	113049.60
 10.86	113152.00
 10.87	113254.40
 10.88	113356.80
 10.88	113459.20
 10.89	113561.60
 10.89	113664.00
 10.93	113766.40
 10.94	113868.80
 10.94	113971.20
 10.95	114073.60
 10.95	114176.00
 10.96	114278.40
 10.96	114380.80
 10.97	114483.20
 10.98	114585.60
 10.98	114688.00
 10.98	114790.40
 10.99	114892.80
 11.00	114995.20
 11.00	115097.60
 11.01	115200.00
 11.02	115302.40
 11.02	115404.80
 11.03	115507.20
 11.04	115609.60
 11.04	115712.00
 11.05	115814.40
 11.05	115916.80
 11.06	116019.20
 11.07	116121.60
 11.07	116224.00
 11.08	116326.40
 11.09	116428.80
 11.10	116531.20
 11.10	116633.60
 11.10	116736.00
 11.11	116838.40
 11.11	116940.80
 11.12	117043.20
 11.12	117145.60
 11.13	117248.00
 11.14	117350.40
 11.14	117452.80
 11.14	117555.20
 11.15	117657.60
 11.15	117760.00
 11.16	117862.40
 11.17	117964.80
 11.18	118067.20
 11.18	118169.60
 11.19	118272.00
 11.20	118374.40
 11.20	118476.80
 11.20	118579.20
 11.21	118681.60
 11.21	118784.00
 11.22	118886.40
 11.23	118988.80
 11.23	119091.20
 11.24	119193.60
 11.24	119296.00
 11.24	119398.40
 11.26	119500.80
 11.26	119603.20
 11.27	119705.60
 11.27	119808.00
 11.28	119910.40
 11.29	120012.80
 11.29	120115.20
 11.30	120217.60
 11.30	120320.00
 11.30	120422.40
 11.31	120524.80
 11.32	120627.20
 11.33	120729.60
 11.33	120832.00
 11.33	120934.40
 11.34	121036.80
 11.35	121139.20
 11.35	121241.60
 11.36	121344.00
 11.37	121446.40
 11.37	121548.80
 11.39	121651.20
 11.39	121753.60
 11.39	121856.00
 11.40	121958.40
 11.41	122060.80
 11.42	122163.20
 11.42	122265.60
 11.43	122368.00
 11.43	122470.40
 11.44	122572.80
 11.44	122675.20
 11.45	122777.60
 11.45	122880.00
 11.46	122982.40
 11.46	123084.80
 11.48	123187.20
 11.48	123289.60
 11.48	123392.00
 11.49	123494.40
 11.50	123596.80
 11.51	123699.20
 11.51	123801.60
 11.51	123904.00
 11.52	124006.40
 11.52	124108.80
 11.53	124211.20
 11.53	124313.60
 11.54	124416.00
 11.54	124518.40
 11.55	124620.80
 11.55	124723.20
 11.55	124825.60
 11.56	124928.00
 11.56	125030.40
 11.57	125132.80
 11.57	125235.20
 11.58	125337.60
 11.58	125440.00
 11.58	125542.40
 11.59	125644.80
 11.60	125747.20
 11.60	125849.60
 11.60	125952.00
 11.61	126054.40
 11.61	126156.80
 11.62	126259.20
 11.63	126361.60
 11.63	126464.00
 11.63	126566.40
 11.64	126668.80
 11.64	126771.20
 11.66	126873.60
 11.66	126976.00
 11.67	127078.40
 11.67	127180.80
 11.68	127283.20
 11.68	127385.60
 11.69	127488.00
 11.70	127590.40
 11.70	127692.80
 11.71	127795.20
 11.71	127897.60
 11.72	128000.00
 11.72	128102.40
 11.73	128204.80
 11.73	128307.20
 11.74	128409.60
 11.74	128512.00
 11.75	128614.40
 11.76	128716.80
 11.77	128819.20
 11.77	128921.60
 11.77	129024.00
 11.78	129126.40
 11.78	129228.80
 11.80	129331.20
 11.80	129433.60
 11.81	129536.00
 11.81	129638.40
 11.82	129740.80
 11.83	129843.20
 11.84	129945.60
 11.84	130048.00
 11.84	130150.40
 11.85	130252.80
 11.85	130355.20
 11.87	130457.60
 11.87	130560.00
 11.88	130662.40
 11.89	130764.80
 11.90	130867.20
 11.90	130969.60
 11.90	131072.00
 11.91	131174.40
 11.92	131276.80
 11.92	131379.20
 11.93	131481.60
 11.93	131584.00
 11.94	131686.40
 11.94	131788.80
 11.95	131891.20
 11.95	131993.60
 11.96	132096.00
 11.97	132198.40
 11.97	132300.80
 11.99	132403.20
 11.99	132505.60
 12.00	132608.00
 12.01	132710.40
 12.02	132812.80
 12.03	132915.20
 12.04	133017.60
 12.05	133120.00
 12.05	133222.40
 12.06	133324.80
 12.07	133427.20
 12.09	133529.60
 12.10	133632.00
 12.10	133734.40
 12.11	133836.80
 12.11	133939.20
 12.12	134041.60
 12.13	134144.00
 12.14	134246.40
 12.14	134348.80
 12.14	134451.20
 12.17	134553.60
 12.18	134656.00
 12.19	134758.40
 12.19	134860.80
 12.20	134963.20
 12.20	135065.60
 12.21	135168.00
 12.21	135270.40
 12.22	135372.80
 12.22	135475.20
 12.23	135577.60
 12.23	135680.00
 12.23	135782.40
 12.24	135884.80
 12.24	135987.20
 12.25	136089.60
 12.26	136192.00
 12.26	136294.40
 12.26	136396.80
 12.27	136499.20
 12.27	136601.60
 12.28	136704.00
 12.28	136806.40
 12.29	136908.80
 12.29	137011.20
 12.30	137113.60
 12.31	137216.00
 12.31	137318.40
 12.32	137420.80
 12.32	137523.20
 12.32	137625.60
 12.34	137728.00
 12.34	137830.40
 12.36	137932.80
 12.36	138035.20
 12.37	138137.60
 12.37	138240.00
 12.37	138342.40
 12.38	138444.80
 12.38	138547.20
 12.39	138649.60
 12.39	138752.00
 12.40	138854.40
 12.40	138956.80
 12.41	139059.20
 12.41	139161.60
 12.42	139264.00
 12.42	139366.40
 12.43	139468.80
 12.44	139571.20
 12.44	139673.60
 12.44	139776.00
 12.45	139878.40
 12.45	139980.80
 12.46	140083.20
 12.46	140185.60
 12.47	140288.00
 12.47	140390.40
 12.47	140492.80
 12.48	140595.20
 12.49	140697.60
 12.49	140800.00
 12.50	140902.40
 12.51	141004.80
 12.51	141107.20
 12.51	141209.60
 12.52	141312.00
 12.53	141414.40
 12.53	141516.80
 12.53	141619.20
 12.54	141721.60
 12.55	141824.00
 12.56	141926.40
 12.57	142028.80
 12.58	142131.20
 12.58	142233.60
 12.58	142336.00
 12.59	142438.40
 12.60	142540.80
 12.60	142643.20
 12.61	142745.60
 12.61	142848.00
 12.61	142950.40
 12.62	143052.80
 12.63	143155.20
 12.63	143257.60
 12.63	143360.00
 12.64	143462.40
 12.64	143564.80
 12.65	143667.20
 12.65	143769.60
 12.66	143872.00
 12.66	143974.40
 12.66	144076.80
 12.67	144179.20
 12.67	144281.60
 12.68	144384.00
 12.68	144486.40
 12.69	144588.80
 12.69	144691.20
 12.69	144793.60
 12.70	144896.00
 12.71	144998.40
 12.72	145100.80
 12.72	145203.20
 12.74	145305.60
 12.74	145408.00
 12.75	145510.40
 12.76	145612.80
 12.76	145715.20
 12.76	145817.60
 12.77	145920.00
 12.78	146022.40
 12.79	146124.80
 12.79	146227.20
 12.80	146329.60
 12.81	146432.00
 12.81	146534.40
 12.82	146636.80
 12.83	146739.20
 12.88	146841.60
 12.98	146944.00
 12.99	147046.40
 13.01	147148.80
 13.02	147251.20
 13.03	147353.60
 13.04	147456.00
 13.05	147558.40
 13.05	147660.80
 13.06	147763.20
 13.07	147865.60
 13.08	147968.00
 13.09	148070.40
 13.10	148172.80
 13.13	148275.20
 13.15	148377.60
 13.16	148480.00
 13.19	148582.40
 13.20	148684.80
 13.21	148787.20
 13.22	148889.60
 13.24	148992.00
 13.25	149094.40
 13.26	149196.80
 13.27	149299.20
 13.30	149401.60
 13.32	149504.00
 13.34	149606.40
 13.36	149708.80
 13.37	149811.20
 13.38	149913.60
 13.38	150016.00
 13.38	150118.40
 13.39	150220.80
 13.39	150323.20
 13.40	150425.60
 13.41	150528.00
 13.41	150630.40
 13.42	150732.80
 13.43	150835.20
 13.44	150937.60
 13.46	151040.00
 13.47	151142.40
 13.49	151244.80
 13.49	151347.20
 13.50	151449.60
 13.50	151552.00
 13.53	151654.40
 13.53	151756.80
 13.54	151859.20
 13.55	151961.60
 13.55	152064.00
 13.55	152166.40
 13.56	152268.80
 13.57	152371.20
 13.58	152473.60
 13.58	152576.00
 13.59	152678.40
 13.59	152780.80
 13.62	152883.20
 13.64	152985.60
 13.65	153088.00
 13.66	153190.40
 13.67	153292.80
 13.67	153395.20
 13.68	153497.60
 13.71	153600.00
 13.71	153702.40
 13.71	153804.80
 13.72	153907.20
 13.74	154009.60
 13.75	154112.00
 13.76	154214.40
 13.76	154316.80
 13.77	154419.20
 13.78	154521.60
 13.80	154624.00
 13.82	154726.40
 13.82	154828.80
 13.83	154931.20
 13.84	155033.60
 13.85	155136.00
 13.85	155238.40
 13.87	155340.80
 13.87	155443.20
 13.88	155545.60
 13.89	155648.00
 13.90	155750.40
 13.91	155852.80
 13.91	155955.20
 13.92	156057.60
 13.92	156160.00
 13.94	156262.40
 13.95	156364.80
 13.95	156467.20
 13.96	156569.60
 13.96	156672.00
 13.97	156774.40
 13.98	156876.80
 13.99	156979.20
 14.00	157081.60
 14.01	157184.00
 14.02	157286.40
 14.02	157388.80
 14.05	157491.20
 14.05	157593.60
 14.06	157696.00
 14.07	157798.40
 14.07	157900.80
 14.08	158003.20
 14.09	158105.60
 14.09	158208.00
 14.09	158310.40
 14.11	158412.80
 14.11	158515.20
 14.12	158617.60
 14.12	158720.00
 14.13	158822.40
 14.14	158924.80
 14.14	159027.20
 14.16	159129.60
 14.17	159232.00
 14.17	159334.40
 14.18	159436.80
 14.20	159539.20
 14.21	159641.60
 14.22	159744.00
 14.22	159846.40
 14.23	159948.80
 14.24	160051.20
 14.25	160153.60
 14.25	160256.00
 14.26	160358.40
 14.28	160460.80
 14.28	160563.20
 14.29	160665.60
 14.29	160768.00
 14.31	160870.40
 14.31	160972.80
 14.32	161075.20
 14.32	161177.60
 14.34	161280.00
 14.34	161382.40
 14.35	161484.80
 14.36	161587.20
 14.37	161689.60
 14.38	161792.00
 14.39	161894.40
 14.39	161996.80
 14.41	162099.20
 14.42	162201.60
 14.43	162304.00
 14.43	162406.40
 14.44	162508.80
 14.45	162611.20
 14.45	162713.60
 14.47	162816.00
 14.48	162918.40
 14.48	163020.80
 14.48	163123.20
 14.49	163225.60
 14.49	163328.00
 14.50	163430.40
 14.50	163532.80
 14.50	163635.20
 14.51	163737.60
 14.52	163840.00
 14.52	163942.40
 14.53	164044.80
 14.53	164147.20
 14.54	164249.60
 14.55	164352.00
 14.55	164454.40
 14.56	164556.80
 14.57	164659.20
 14.58	164761.60
 14.58	164864.00
 14.60	164966.40
 14.61	165068.80
 14.61	165171.20
 14.62	165273.60
 14.63	165376.00
 14.64	165478.40
 14.64	165580.80
 14.65	165683.20
 14.65	165785.60
 14.66	165888.00
 14.67	165990.40
 14.68	166092.80
 14.70	166195.20
 14.70	166297.60
 14.71	166400.00
 14.71	166502.40
 14.72	166604.80
 14.72	166707.20
 14.73	166809.60
 14.74	166912.00
 14.75	167014.40
 14.76	167116.80
 14.76	167219.20
 14.77	167321.60
 14.77	167424.00
 14.78	167526.40
 14.78	167628.80
 14.79	167731.20
 14.80	167833.60
 14.81	167936.00
 14.81	168038.40
 14.82	168140.80
 14.82	168243.20
 14.83	168345.60
 14.83	168448.00
 14.84	168550.40
 14.85	168652.80
 14.86	168755.20
 14.86	168857.60
 14.87	168960.00
 14.88	169062.40
 14.89	169164.80
 14.89	169267.20
 14.90	169369.60
 14.90	169472.00
 14.91	169574.40
 14.91	169676.80
 14.92	169779.20
 14.93	169881.60
 14.94	169984.00
 14.94	170086.40
 14.95	170188.80
 14.96	170291.20
 14.96	170393.60
 14.97	170496.00
 14.97	170598.40
 14.98	170700.80
 14.99	170803.20
 15.01	170905.60
 15.01	171008.00
 15.02	171110.40
 15.02	171212.80
 15.03	171315.20
 15.03	171417.60
 15.04	171520.00
 15.04	171622.40
 15.05	171724.80
 15.05	171827.20
 15.06	171929.60
 15.07	172032.00
 15.08	172134.40
 15.08	172236.80
 15.09	172339.20
 15.09	172441.60
 15.12	172544.00
 15.13	172646.40
 15.14	172748.80
 15.14	172851.20
 15.14	172953.60
 15.15	173056.00
 15.17	173158.40
 15.17	173260.80
 15.18	173363.20
 15.19	173465.60
 15.19	173568.00
 15.21	173670.40
 15.22	173772.80
 15.23	173875.20
 15.23	173977.60
 15.24	174080.00
 15.25	174182.40
 15.25	174284.80
 15.25	174387.20
 15.27	174489.60
 15.28	174592.00
 15.28	174694.40
 15.29	174796.80
 15.29	174899.20
 15.30	175001.60
 15.30	175104.00
 15.31	175206.40
 15.31	175308.80
 15.32	175411.20
 15.32	175513.60
 15.33	175616.00
 15.35	175718.40
 15.35	175820.80
 15.36	175923.20
 15.36	176025.60
 15.36	176128.00
 15.37	176230.40
 15.37	176332.80
 15.38	176435.20
 15.39	176537.60
 15.39	176640.00
 15.39	176742.40
 15.40	176844.80
 15.40	176947.20
 15.42	177049.60
 15.42	177152.00
 15.43	177254.40
 15.44	177356.80
 15.45	177459.20
 15.45	177561.60
 15.46	177664.00
 15.47	177766.40
 15.47	177868.80
 15.48	177971.20
 15.48	178073.60
 15.49	178176.00
 15.49	178278.40
 15.50	178380.80
 15.50	178483.20
 15.51	178585.60
 15.51	178688.00
 15.51	178790.40
 15.52	178892.80
 15.52	178995.20
 15.53	179097.60
 15.53	179200.00
 15.54	179302.40
 15.54	179404.80
 15.55	179507.20
 15.56	179609.60
 15.56	179712.00
 15.57	179814.40
 15.57	179916.80
 15.58	180019.20
 15.59	180121.60
 15.60	180224.00
 15.60	180326.40
 15.60	180428.80
 15.61	180531.20
 15.61	180633.60
 15.62	180736.00
 15.62	180838.40
 15.63	180940.80
 15.63	181043.20
 15.64	181145.60
 15.64	181248.00
 15.64	181350.40
 15.65	181452.80
 15.65	181555.20
 15.66	181657.60
 15.67	181760.00
 15.67	181862.40
 15.67	181964.80
 15.68	182067.20
 15.69	182169.60
 15.69	182272.00
 15.70	182374.40
 15.70	182476.80
 15.70	182579.20
 15.71	182681.60
 15.71	182784.00
 15.72	182886.40
 15.73	182988.80
 15.73	183091.20
 15.73	183193.60
 15.74	183296.00
 15.74	183398.40
 15.76	183500.80
 15.77	183603.20
 15.78	183705.60
 15.78	183808.00
 15.79	183910.40
 15.81	184012.80
 15.82	184115.20
 15.83	184217.60
 15.83	184320.00
 15.84	184422.40
 15.85	184524.80
 15.85	184627.20
 15.86	184729.60
 15.87	184832.00
 15.87	184934.40
 15.88	185036.80
 15.89	185139.20
 15.89	185241.60
 15.90	185344.00
 15.90	185446.40
 15.92	185548.80
 15.92	185651.20
 15.93	185753.60
 15.93	185856.00
 15.94	185958.40
 15.95	186060.80
 15.96	186163.20
 15.97	186265.60
 15.99	186368.00
 15.99	186470.40
 16.00	186572.80
 16.00	186675.20
 16.01	186777.60
 16.02	186880.00
 16.03	186982.40
 16.03	187084.80
 16.04	187187.20
 16.05	187289.60
 16.06	187392.00
 16.06	187494.40
 16.06	187596.80
 16.07	187699.20
 16.08	187801.60
 16.09	187904.00
 16.10	188006.40
 16.11	188108.80
 16.11	188211.20
 16.11	188313.60
 16.13	188416.00
 16.14	188518.40
 16.14	188620.80
 16.16	188723.20
 16.16	188825.60
 16.17	188928.00
 16.17	189030.40
 16.18	189132.80
 16.18	189235.20
 16.18	189337.60
 16.20	189440.00
 16.20	189542.40
 16.21	189644.80
 16.22	189747.20
 16.22	189849.60
 16.24	189952.00
 16.24	190054.40
 16.24	190156.80
 16.25	190259.20
 16.26	190361.60
 16.27	190464.00
 16.28	190566.40
 16.29	190668.80
 16.29	190771.20
 16.30	190873.60
 16.30	190976.00
 16.31	191078.40
 16.32	191180.80
 16.33	191283.20
 16.33	191385.60
 16.34	191488.00
 16.35	191590.40
 16.35	191692.80
 16.36	191795.20
 16.37	191897.60
 16.37	192000.00
 16.37	192102.40
 16.38	192204.80
 16.39	192307.20
 16.39	192409.60
 16.41	192512.00
 16.41	192614.40
 16.42	192716.80
 16.43	192819.20
 16.43	192921.60
 16.44	193024.00
 16.44	193126.40
 16.45	193228.80
 16.45	193331.20
 16.47	193433.60
 16.48	193536.00
 16.48	193638.40
 16.49	193740.80
 16.50	193843.20
 16.51	193945.60
 16.51	194048.00
 16.52	194150.40
 16.52	194252.80
 16.53	194355.20
 16.54	194457.60
 16.55	194560.00
 16.55	194662.40
 16.56	194764.80
 16.56	194867.20
 16.56	194969.60
 16.57	195072.00
 16.58	195174.40
 16.58	195276.80
 16.59	195379.20
 16.59	195481.60
 16.59	195584.00
 16.60	195686.40
 16.61	195788.80
 16.61	195891.20
 16.62	195993.60
 16.62	196096.00
 16.62	196198.40
 16.63	196300.80
 16.63	196403.20
 16.64	196505.60
 16.66	196608.00
 16.67	196710.40
 16.68	196812.80
 16.69	196915.20
 16.70	197017.60
 16.70	197120.00
 16.71	197222.40
 16.71	197324.80
 16.72	197427.20
 16.72	197529.60
 16.73	197632.00
 16.73	197734.40
 16.74	197836.80
 16.74	197939.20
 16.75	198041.60
 16.75	198144.00
 16.76	198246.40
 16.77	198348.80
 16.77	198451.20
 16.78	198553.60
 16.79	198656.00
 16.80	198758.40
 16.81	198860.80
 16.81	198963.20
 16.82	199065.60
 16.83	199168.00
 16.84	199270.40
 16.84	199372.80
 16.85	199475.20
 16.85	199577.60
 16.85	199680.00
 16.87	199782.40
 16.87	199884.80
 16.88	199987.20
 16.88	200089.60
 16.89	200192.00
 16.90	200294.40
 16.93	200396.80
 16.93	200499.20
 16.95	200601.60
 16.95	200704.00
 16.96	200806.40
 16.97	200908.80
 16.97	201011.20
 16.98	201113.60
 16.98	201216.00
 16.98	201318.40
 16.99	201420.80
 16.99	201523.20
 17.00	201625.60
 17.00	201728.00
 17.01	201830.40
 17.01	201932.80
 17.02	202035.20
 17.02	202137.60
 17.04	202240.00
 17.04	202342.40
 17.04	202444.80
 17.05	202547.20
 17.07	202649.60
 17.07	202752.00
 17.07	202854.40
 17.08	202956.80
 17.08	203059.20
 17.09	203161.60
 17.09	203264.00
 17.11	203366.40
 17.11	203468.80
 17.12	203571.20
 17.12	203673.60
 17.13	203776.00
 17.14	203878.40
 17.14	203980.80
 17.15	204083.20
 17.15	204185.60
 17.15	204288.00
 17.16	204390.40
 17.16	204492.80
 17.17	204595.20
 17.17	204697.60
 17.18	204800.00
 17.19	204902.40
 17.19	205004.80
 17.21	205107.20
 17.21	205209.60
 17.22	205312.00
 17.23	205414.40
 17.24	205516.80
 17.26	205619.20
 17.27	205721.60
 17.27	205824.00
 17.29	205926.40
 17.29	206028.80
 17.31	206131.20
 17.33	206233.60
 17.33	206336.00
 17.35	206438.40
 17.37	206540.80
 17.38	206643.20
 17.38	206745.60
 17.39	206848.00
 17.40	206950.40
 17.41	207052.80
 17.42	207155.20
 17.43	207257.60
 17.44	207360.00
 17.46	207462.40
 17.47	207564.80
 17.48	207667.20
 17.49	207769.60
 17.49	207872.00
 17.50	207974.40
 17.50	208076.80
 17.52	208179.20
 17.52	208281.60
 17.53	208384.00
 17.54	208486.40
 17.54	208588.80
 17.55	208691.20
 17.58	208793.60
 17.59	208896.00
 17.59	208998.40
 17.59	209100.80
 17.61	209203.20
 17.61	209305.60
 17.62	209408.00
 17.62	209510.40
 17.64	209612.80
 17.66	209715.20
 17.68	209817.60
 17.68	209920.00
 17.69	210022.40
 17.70	210124.80
 17.71	210227.20
 17.74	210329.60
 17.75	210432.00
 17.76	210534.40
 17.76	210636.80
 17.77	210739.20
 17.78	210841.60
 17.78	210944.00
 17.79	211046.40
 17.79	211148.80
 17.81	211251.20
 17.82	211353.60
 17.83	211456.00
 17.83	211558.40
 17.84	211660.80
 17.84	211763.20
 17.86	211865.60
 17.86	211968.00
 17.87	212070.40
 17.89	212172.80
 17.91	212275.20
 17.91	212377.60
 17.92	212480.00
 17.93	212582.40
 17.95	212684.80
 17.96	212787.20
 17.96	212889.60
 17.97	212992.00
 17.97	213094.40
 17.98	213196.80
 17.98	213299.20
 17.98	213401.60
 17.99	213504.00
 17.99	213606.40
 18.00	213708.80
 18.01	213811.20
 18.01	213913.60
 18.01	214016.00
 18.02	214118.40
 18.02	214220.80
 18.03	214323.20
 18.04	214425.60
 18.07	214528.00
 18.07	214630.40
 18.08	214732.80
 18.09	214835.20
 18.09	214937.60
 18.12	215040.00
 18.13	215142.40
 18.14	215244.80
 18.14	215347.20
 18.15	215449.60
 18.16	215552.00
 18.17	215654.40
 18.18	215756.80
 18.19	215859.20
 18.20	215961.60
 18.20	216064.00
 18.20	216166.40
 18.21	216268.80
 18.22	216371.20
 18.25	216473.60
 18.26	216576.00
 18.27	216678.40
 18.29	216780.80
 18.30	216883.20
 18.30	216985.60
 18.31	217088.00
 18.32	217190.40
 18.33	217292.80
 18.34	217395.20
 18.35	217497.60
 18.35	217600.00
 18.37	217702.40
 18.37	217804.80
 18.38	217907.20
 18.38	218009.60
 18.39	218112.00
 18.40	218214.40
 18.40	218316.80
 18.41	218419.20
 18.42	218521.60
 18.43	218624.00
 18.43	218726.40
 18.44	218828.80
 18.44	218931.20
 18.44	219033.60
 18.46	219136.00
 18.47	219238.40
 18.47	219340.80
 18.48	219443.20
 18.49	219545.60
 18.50	219648.00
 18.50	219750.40
 18.51	219852.80
 18.51	219955.20
 18.52	220057.60
 18.53	220160.00
 18.54	220262.40
 18.54	220364.80
 18.54	220467.20
 18.56	220569.60
 18.56	220672.00
 18.57	220774.40
 18.58	220876.80
 18.59	220979.20
 18.60	221081.60
 18.60	221184.00
 18.61	221286.40
 18.62	221388.80
 18.63	221491.20
 18.63	221593.60
 18.64	221696.00
 18.64	221798.40
 18.65	221900.80
 18.66	222003.20
 18.66	222105.60
 18.66	222208.00
 18.67	222310.40
 18.67	222412.80
 18.68	222515.20
 18.68	222617.60
 18.69	222720.00
 18.69	222822.40
 18.70	222924.80
 18.71	223027.20
 18.71	223129.60
 18.72	223232.00
 18.72	223334.40
 18.73	223436.80
 18.74	223539.20
 18.75	223641.60
 18.75	223744.00
 18.76	223846.40
 18.77	223948.80
 18.78	224051.20
 18.78	224153.60
 18.79	224256.00
 18.79	224358.40
 18.79	224460.80
 18.80	224563.20
 18.82	224665.60
 18.83	224768.00
 18.84	224870.40
 18.84	224972.80
 18.84	225075.20
 18.85	225177.60
 18.85	225280.00
 18.86	225382.40
 18.88	225484.80
 18.89	225587.20
 18.89	225689.60
 18.91	225792.00
 18.91	225894.40
 18.93	225996.80
 18.93	226099.20
 18.94	226201.60
 18.95	226304.00
 18.95	226406.40
 18.96	226508.80
 18.96	226611.20
 18.96	226713.60
 18.97	226816.00
 18.98	226918.40
 18.98	227020.80
 18.99	227123.20
 18.99	227225.60
 18.99	227328.00
 19.00	227430.40
 19.01	227532.80
 19.01	227635.20
 19.02	227737.60
 19.03	227840.00
 19.04	227942.40
 19.04	228044.80
 19.05	228147.20
 19.05	228249.60
 19.06	228352.00
 19.08	228454.40
 19.08	228556.80
 19.08	228659.20
 19.09	228761.60
 19.10	228864.00
 19.11	228966.40
 19.12	229068.80
 19.12	229171.20
 19.13	229273.60
 19.13	229376.00
 19.14	229478.40
 19.14	229580.80
 19.15	229683.20
 19.15	229785.60
 19.17	229888.00
 19.17	229990.40
 19.17	230092.80
 19.18	230195.20
 19.19	230297.60
 19.20	230400.00
 19.20	230502.40
 19.20	230604.80
 19.21	230707.20
 19.22	230809.60
 19.22	230912.00
 19.23	231014.40
 19.24	231116.80
 19.25	231219.20
 19.25	231321.60
 19.26	231424.00
 19.27	231526.40
 19.28	231628.80
 19.29	231731.20
 19.29	231833.60
 19.30	231936.00
 19.31	232038.40
 19.31	232140.80
 19.32	232243.20
 19.33	232345.60
 19.33	232448.00
 19.34	232550.40
 19.35	232652.80
 19.36	232755.20
 19.37	232857.60
 19.37	232960.00
 19.37	233062.40
 19.38	233164.80
 19.38	233267.20
 19.39	233369.60
 19.40	233472.00
 19.40	233574.40
 19.41	233676.80
 19.42	233779.20
 19.43	233881.60
 19.43	233984.00
 19.44	234086.40
 19.44	234188.80
 19.45	234291.20
 19.45	234393.60
 19.46	234496.00
 19.47	234598.40
 19.48	234700.80
 19.48	234803.20
 19.48	234905.60
 19.50	235008.00
 19.51	235110.40
 19.51	235212.80
 19.51	235315.20
 19.53	235417.60
 19.54	235520.00
 19.54	235622.40
 19.54	235724.80
 19.55	235827.20
 19.55	235929.60
 19.56	236032.00
 19.56	236134.40
 19.56	236236.80
 19.57	236339.20
 19.58	236441.60
 19.58	236544.00
 19.59	236646.40
 19.60	236748.80
 19.60	236851.20
 19.61	236953.60
 19.61	237056.00
 19.62	237158.40
 19.64	237260.80
 19.64	237363.20
 19.65	237465.60
 19.66	237568.00
 19.67	237670.40
 19.67	237772.80
 19.69	237875.20
 19.69	237977.60
 19.70	238080.00
 19.70	238182.40
 19.71	238284.80
 19.72	238387.20
 19.72	238489.60
 19.72	238592.00
 19.73	238694.40
 19.73	238796.80
 19.74	238899.20
 19.74	239001.60
 19.75	239104.00
 19.75	239206.40
 19.76	239308.80
 19.77	239411.20
 19.78	239513.60
 19.79	239616.00
 19.80	239718.40
 19.81	239820.80
 19.81	239923.20
 19.82	240025.60
 19.82	240128.00
 19.83	240230.40
 19.83	240332.80
 19.83	240435.20
 19.84	240537.60
 19.85	240640.00
 19.86	240742.40
 19.86	240844.80
 19.87	240947.20
 19.87	241049.60
 19.87	241152.00
 19.88	241254.40
 19.88	241356.80
 19.89	241459.20
 19.90	241561.60
 19.90	241664.00
 19.91	241766.40
 19.91	241868.80
 19.92	241971.20
 19.92	242073.60
 19.93	242176.00
 19.95	242278.40
 19.95	242380.80
 19.96	242483.20
 19.96	242585.60
 19.97	242688.00
 19.97	242790.40
 19.98	242892.80
 19.99	242995.20
 20.00	243097.60
 2.23	102.40
 2.25	204.80
 2.26	307.20
 2.27	409.60
 2.28	512.00
 2.29	614.40
 2.29	716.80
 2.30	819.20
 2.31	921.60
 2.33	1024.00
 2.34	1126.40
 2.35	1228.80
 2.36	1331.20
 2.37	1433.60
 2.37	1536.00
 2.40	1638.40
 2.40	1740.80
 2.43	1843.20
 2.44	1945.60
 2.44	2048.00
 2.52	2150.40
 2.52	2252.80
 2.53	2355.20
 2.58	2457.60
 2.60	2560.00
 2.60	2662.40
 2.61	2764.80
 2.62	2867.20
 2.64	2969.60
 2.66	3072.00
 2.67	3174.40
 2.69	3276.80
 2.71	3379.20
 2.75	3481.60
 2.76	3584.00
 2.78	3686.40
 2.79	3788.80
 2.79	3891.20
 2.83	3993.60
 2.84	4096.00
 2.84	4198.40
 2.85	4300.80
 2.85	4403.20
 2.87	4505.60
 2.88	4608.00
 2.90	4710.40
 2.92	4812.80
 2.94	4915.20
 2.94	5017.60
 2.94	5120.00
 2.95	5222.40
 2.95	5324.80
 2.97	5427.20
 2.97	5529.60
 2.98	5632.00
 2.99	5734.40
 3.00	5836.80
 3.03	5939.20
 3.04	6041.60
 3.05	6144.00
 3.05	6246.40
 3.06	6348.80
 3.07	6451.20
 3.08	6553.60
 3.10	6656.00
 3.11	6758.40
 3.15	6860.80
 3.16	6963.20
 3.19	7065.60
 3.21	7168.00
 3.22	7270.40
 3.22	7372.80
 3.23	7475.20
 3.26	7577.60
 3.27	7680.00
 3.30	7782.40
 3.30	7884.80
 3.30	7987.20
 3.33	8089.60
 3.35	8192.00
 3.36	8294.40
 3.39	8396.80
 3.40	8499.20
 3.40	8601.60
 3.42	8704.00
 3.42	8806.40
 3.44	8908.80
 3.44	9011.20
 3.46	9113.60
 3.47	9216.00
 3.48	9318.40
 3.48	9420.80
 3.51	9523.20
 3.51	9625.60
 3.55	9728.00
 3.56	9830.40
 3.57	9932.80
 3.58	10035.20
 3.61	10137.60
 3.63	10240.00
 3.63	10342.40
 3.64	10444.80
 3.64	10547.20
 3.65	10649.60
 3.65	10752.00
 3.67	10854.40
 3.68	10956.80
 3.68	11059.20
 3.69	11161.60
 3.71	11264.00
 3.71	11366.40
 3.72	11468.80
 3.73	11571.20
 3.74	11673.60
 3.74	11776.00
 3.74	11878.40
 3.76	11980.80
 3.77	12083.20
 3.78	12185.60
 3.79	12288.00
 3.80	12390.40
 3.80	12492.80
 3.80	12595.20
 3.81	12697.60
 3.81	12800.00
 3.83	12902.40
 3.85	13004.80
 4.01	13107.20
 4.02	13209.60
 4.02	13312.00
 4.03	13414.40
 4.04	13516.80
 4.05	13619.20
 4.06	13721.60
 4.09	13824.00
 4.10	13926.40
 4.11	14028.80
 4.12	14131.20
 4.12	14233.60
 4.13	14336.00
 4.14	14438.40
 4.14	14540.80
 4.14	14643.20
 4.15	14745.60
 4.15	14848.00
 4.16	14950.40
 4.17	15052.80
 4.17	15155.20
 4.18	15257.60
 4.20	15360.00
 4.20	15462.40
 4.20	15564.80
 4.21	15667.20
 4.21	15769.60
 4.22	15872.00
 4.22	15974.40
 4.23	16076.80
 4.23	16179.20
 4.23	16281.60
 4.24	16384.00
 4.24	16486.40
 4.25	16588.80
 4.25	16691.20
 4.26	16793.60
 4.26	16896.00
 4.27	16998.40
 4.27	17100.80
 4.28	17203.20
 4.28	17305.60
 4.29	17408.00
 4.31	17510.40
 4.31	17612.80
 4.32	17715.20
 4.32	17817.60
 4.32	17920.00
 4.33	18022.40
 4.34	18124.80
 4.34	18227.20
 4.35	18329.60
 4.35	18432.00
 4.36	18534.40
 4.37	18636.80
 4.38	18739.20
 4.38	18841.60
 4.39	18944.00
 4.39	19046.40
 4.40	19148.80
 4.41	19251.20
 4.42	19353.60
 4.43	19456.00
 4.43	19558.40
 4.44	19660.80
 4.44	19763.20
 4.45	19865.60
 4.46	19968.00
 4.46	20070.40
 4.47	20172.80
 4.49	20275.20
 4.49	20377.60
 4.50	20480.00
 4.50	20582.40
 4.52	20684.80
 4.52	20787.20
 4.53	20889.60
 4.54	20992.00
 4.54	21094.40
 4.55	21196.80
 4.57	21299.20
 4.57	21401.60
 4.58	21504.00
 4.59	21606.40
 4.59	21708.80
 4.60	21811.20
 4.61	21913.60
 4.63	22016.00
 4.63	22118.40
 4.64	22220.80
 4.64	22323.20
 4.65	22425.60
 4.65	22528.00
 4.66	22630.40
 4.67	22732.80
 4.67	22835.20
 4.67	22937.60
 4.68	23040.00
 4.69	23142.40
 4.70	23244.80
 4.70	23347.20
 4.70	23449.60
 4.71	23552.00
 4.72	23654.40
 4.73	23756.80
 4.74	23859.20
 4.74	23961.60
 4.75	24064.00
 4.76	24166.40
 4.77	24268.80
 4.79	24371.20
 4.80	24473.60
 4.82	24576.00
 4.83	24678.40
 4.84	24780.80
 4.84	24883.20
 4.85	24985.60
 4.86	25088.00
 4.87	25190.40
 4.88	25292.80
 4.90	25395.20
 4.90	25497.60
 4.92	25600.00
 4.92	25702.40
 4.92	25804.80
 4.95	25907.20
 4.96	26009.60
 4.97	26112.00
 4.98	26214.40
 4.98	26316.80
 4.99	26419.20
 4.99	26521.60
 5.00	26624.00
 5.01	26726.40
 5.02	26828.80
 5.03	26931.20
 5.05	27033.60
 5.05	27136.00
 5.06	27238.40
 5.08	27340.80
 5.12	27443.20
 5.13	27545.60
 5.13	27648.00
 5.14	27750.40
 5.14	27852.80
 5.15	27955.20
 5.15	28057.60
 5.16	28160.00
 5.17	28262.40
 5.17	28364.80
 5.17	28467.20
 5.18	28569.60
 5.18	28672.00
 5.19	28774.40
 5.20	28876.80
 5.21	28979.20
 5.23	29081.60
 5.23	29184.00
 5.24	29286.40
 5.24	29388.80
 5.25	29491.20
 5.26	29593.60
 5.26	29696.00
 5.27	29798.40
 5.27	29900.80
 5.29	30003.20
 5.31	30105.60
 5.32	30208.00
 5.32	30310.40
 5.33	30412.80
 5.35	30515.20
 5.36	30617.60
 5.37	30720.00
 5.38	30822.40
 5.39	30924.80
 5.39	31027.20
 5.40	31129.60
 5.40	31232.00
 5.41	31334.40
 5.41	31436.80
 5.43	31539.20
 5.43	31641.60
 5.44	31744.00
 5.45	31846.40
 5.46	31948.80
 5.46	32051.20
 5.47	32153.60
 5.47	32256.00
 5.49	32358.40
 5.49	32460.80
 5.50	32563.20
 5.51	32665.60
 5.52	32768.00
 5.52	32870.40
 5.52	32972.80
 5.53	33075.20
 5.54	33177.60
 5.54	33280.00
 5.55	33382.40
 5.57	33484.80
 5.58	33587.20
 5.58	33689.60
 5.58	33792.00
 5.60	33894.40
 5.60	33996.80
 5.61	34099.20
 5.61	34201.60
 5.62	34304.00
 5.62	34406.40
 5.63	34508.80
 5.64	34611.20
 5.64	34713.60
 5.65	34816.00
 5.65	34918.40
 5.66	35020.80
 5.67	35123.20
 5.67	35225.60
 5.67	35328.00
 5.68	35430.40
 5.68	35532.80
 5.69	35635.20
 5.69	35737.60
 5.70	35840.00
 5.71	35942.40
 5.71	36044.80
 5.71	36147.20
 5.72	36249.60
 5.73	36352.00
 5.73	36454.40
 5.75	36556.80
 5.76	36659.20
 5.76	36761.60
 5.77	36864.00
 5.77	36966.40
 5.78	37068.80
 5.78	37171.20
 5.79	37273.60
 5.79	37376.00
 5.80	37478.40
 5.81	37580.80
 5.82	37683.20
 5.83	37785.60
 5.84	37888.00
 5.85	37990.40
 5.86	38092.80
 5.87	38195.20
 5.87	38297.60
 5.88	38400.00
 5.88	38502.40
 5.89	38604.80
 5.90	38707.20
 5.91	38809.60
 5.91	38912.00
 5.92	39014.40
 5.92	39116.80
 5.93	39219.20
 5.93	39321.60
 5.94	39424.00
 5.94	39526.40
 5.95	39628.80
 5.96	39731.20
 5.96	39833.60
 5.96	39936.00
 5.97	40038.40
 5.97	40140.80
 5.98	40243.20
 5.98	40345.60
 5.99	40448.00
 5.99	40550.40
 6.00	40652.80
 6.01	40755.20
 6.02	40857.60
 6.02	40960.00
 6.02	41062.40
 6.03	41164.80
 6.03	41267.20
 6.04	41369.60
 6.04	41472.00
 6.05	41574.40
 6.05	41676.80
 6.05	41779.20
 6.06	41881.60
 6.06	41984.00
 6.07	42086.40
 6.07	42188.80
 6.08	42291.20
 6.08	42393.60
 6.08	42496.00
 6.09	42598.40
 6.09	42700.80
 6.10	42803.20
 6.10	42905.60
 6.11	43008.00
 6.11	43110.40
 6.13	43212.80
 6.13	43315.20
 6.13	43417.60
 6.14	43520.00
 6.14	43622.40
 6.15	43724.80
 6.15	43827.20
 6.15	43929.60
 6.17	44032.00
 6.17	44134.40
 6.18	44236.80
 6.19	44339.20
 6.19	44441.60
 6.21	44544.00
 6.22	44646.40
 6.23	44748.80
 6.24	44851.20
 6.25	44953.60
 6.25	45056.00
 6.26	45158.40
 6.26	45260.80
 6.27	45363.20
 6.28	45465.60
 6.30	45568.00
 6.30	45670.40
 6.31	45772.80
 6.31	45875.20
 6.32	45977.60
 6.32	46080.00
 6.33	46182.40
 6.34	46284.80
 6.34	46387.20
 6.35	46489.60
 6.35	46592.00
 6.36	46694.40
 6.37	46796.80
 6.37	46899.20
 6.38	47001.60
 6.38	47104.00
 6.38	47206.40
 6.39	47308.80
 6.39	47411.20
 6.40	47513.60
 6.40	47616.00
 6.41	47718.40
 6.41	47820.80
 6.42	47923.20
 6.43	48025.60
 6.43	48128.00
 6.44	48230.40
 6.44	48332.80
 6.45	48435.20
 6.45	48537.60
 6.45	48640.00
 6.46	48742.40
 6.47	48844.80
 6.47	48947.20
 6.47	49049.60
 6.48	49152.00
 6.48	49254.40
 6.49	49356.80
 6.50	49459.20
 6.50	49561.60
 6.51	49664.00
 6.52	49766.40
 6.53	49868.80
 6.54	49971.20
 6.55	50073.60
 6.55	50176.00
 6.56	50278.40
 6.57	50380.80
 6.57	50483.20
 6.58	50585.60
 6.59	50688.00
 6.59	50790.40
 6.60	50892.80
 6.61	50995.20
 6.61	51097.60
 6.62	51200.00
 6.62	51302.40
 6.63	51404.80
 6.63	51507.20
 6.64	51609.60
 6.64	51712.00
 6.65	51814.40
 6.65	51916.80
 6.66	52019.20
 6.66	52121.60
 6.67	52224.00
 6.68	52326.40
 6.69	52428.80
 6.69	52531.20
 6.69	52633.60
 6.70	52736.00
 6.70	52838.40
 6.71	52940.80
 6.71	53043.20
 6.71	53145.60
 6.72	53248.00
 6.73	53350.40
 6.73	53452.80
 6.74	53555.20
 6.74	53657.60
 6.74	53760.00
 6.75	53862.40
 6.75	53964.80
 6.76	54067.20
 6.76	54169.60
 6.77	54272.00
 6.77	54374.40
 6.77	54476.80
 6.78	54579.20
 6.78	54681.60
 6.79	54784.00
 6.79	54886.40
 6.80	54988.80
 6.80	55091.20
 6.81	55193.60
 6.82	55296.00
 6.82	55398.40
 6.83	55500.80
 6.83	55603.20
 6.83	55705.60
 6.84	55808.00
 6.84	55910.40
 6.85	56012.80
 6.85	56115.20
 6.86	56217.60
 6.86	56320.00
 6.87	56422.40
 6.87	56524.80
 6.88	56627.20
 6.88	56729.60
 6.89	56832.00
 6.90	56934.40
 6.92	57036.80
 6.92	57139.20
 6.93	57241.60
 6.93	57344.00
 6.94	57446.40
 6.94	57548.80
 6.95	57651.20
 6.96	57753.60
 6.96	57856.00
 6.97	57958.40
 6.97	58060.80
 6.98	58163.20
 6.98	58265.60
 6.99	58368.00
 7.00	58470.40
 7.00	58572.80
 7.01	58675.20
 7.01	58777.60
 7.01	58880.00
 7.02	58982.40
 7.04	59084.80
 7.05	59187.20
 7.05	59289.60
 7.05	59392.00
 7.06	59494.40
 7.06	59596.80
 7.08	59699.20
 7.08	59801.60
 7.10	59904.00
 7.11	60006.40
 7.12	60108.80
 7.12	60211.20
 7.13	60313.60
 7.14	60416.00
 7.15	60518.40
 7.16	60620.80
 7.16	60723.20
 7.16	60825.60
 7.17	60928.00
 7.18	61030.40
 7.18	61132.80
 7.19	61235.20
 7.19	61337.60
 7.20	61440.00
 7.21	61542.40
 7.21	61644.80
 7.21	61747.20
 7.22	61849.60
 7.23	61952.00
 7.24	62054.40
 7.24	62156.80
 7.25	62259.20
 7.25	62361.60
 7.26	62464.00
 7.26	62566.40
 7.27	62668.80
 7.28	62771.20
 7.28	62873.60
 7.30	62976.00
 7.31	63078.40
 7.32	63180.80
 7.32	63283.20
 7.35	63385.60
 7.36	63488.00
 7.36	63590.40
 7.37	63692.80
 7.38	63795.20
 7.39	63897.60
 7.41	64000.00
 7.41	64102.40
 7.42	64204.80
 7.43	64307.20
 7.52	64409.60
 7.63	64512.00
 7.64	64614.40
 7.64	64716.80
 7.65	64819.20
 7.67	64921.60
 7.68	65024.00
 7.69	65126.40
 7.71	65228.80
 7.72	65331.20
 7.73	65433.60
 7.73	65536.00
 7.74	65638.40
 7.75	65740.80
 7.76	65843.20
 7.77	65945.60
 7.77	66048.00
 7.79	66150.40
 7.81	66252.80
 7.84	66355.20
 7.85	66457.60
 7.86	66560.00
 7.86	66662.40
 7.87	66764.80
 7.88	66867.20
 7.88	66969.60
 7.89	67072.00
 7.89	67174.40
 7.89	67276.80
 7.90	67379.20
 7.91	67481.60
 7.92	67584.00
 7.93	67686.40
 7.94	67788.80
 7.94	67891.20
 7.95	67993.60
 7.95	68096.00
 7.96	68198.40
 7.96	68300.80
 7.97	68403.20
 7.97	68505.60
 7.98	68608.00
 7.99	68710.40
 8.00	68812.80
 8.00	68915.20
 8.01	69017.60
 8.02	69120.00
 8.02	69222.40
 8.03	69324.80
 8.03	69427.20
 8.03	69529.60
 8.04	69632.00
 8.05	69734.40
 8.05	69836.80
 8.06	69939.20
 8.07	70041.60
 8.07	70144.00
 8.09	70246.40
 8.10	70348.80
 8.10	70451.20
 8.11	70553.60
 8.11	70656.00
 8.11	70758.40
 8.12	70860.80
 8.13	70963.20
 8.13	71065.60
 8.14	71168.00
 8.14	71270.40
 8.15	71372.80
 8.15	71475.20
 8.16	71577.60
 8.16	71680.00
 8.16	71782.40
 8.17	71884.80
 8.18	71987.20
 8.18	72089.60
 8.19	72192.00
 8.20	72294.40
 8.20	72396.80
 8.21	72499.20
 8.21	72601.60
 8.22	72704.00
 8.23	72806.40
 8.24	72908.80
 8.24	73011.20
 8.25	73113.60
 8.26	73216.00
 8.26	73318.40
 8.27	73420.80
 8.27	73523.20
 8.28	73625.60
 8.28	73728.00
 8.28	73830.40
 8.29	73932.80
 8.29	74035.20
 8.30	74137.60
 8.30	74240.00
 8.31	74342.40
 8.31	74444.80
 8.32	74547.20
 8.32	74649.60
 8.33	74752.00
 8.33	74854.40
 8.34	74956.80
 8.34	75059.20
 8.34	75161.60
 8.36	75264.00
 8.37	75366.40
 8.38	75468.80
 8.39	75571.20
 8.40	75673.60
 8.41	75776.00
 8.41	75878.40
 8.42	75980.80
 8.43	76083.20
 8.44	76185.60
 8.44	76288.00
 8.44	76390.40
 8.45	76492.80
 8.45	76595.20
 8.46	76697.60
 8.47	76800.00
 8.47	76902.40
 8.49	77004.80
 8.50	77107.20
 8.52	77209.60
 8.53	77312.00
 8.54	77414.40
 8.58	77516.80
 8.59	77619.20
 8.60	77721.60
 8.61	77824.00
 8.61	77926.40
 8.62	78028.80
 8.63	78131.20
 8.64	78233.60
 8.65	78336.00
 8.66	78438.40
 8.67	78540.80
 8.67	78643.20
 8.69	78745.60
 8.69	78848.00
 8.70	78950.40
 8.71	79052.80
 8.72	79155.20
 8.73	79257.60
 8.73	79360.00
 8.75	79462.40
 8.76	79564.80
 8.76	79667.20
 8.77	79769.60
 8.77	79872.00
 8.78	79974.40
 8.78	80076.80
 8.80	80179.20
 8.80	80281.60
 8.82	80384.00
 8.83	80486.40
 8.84	80588.80
 8.84	80691.20
 8.85	80793.60
 8.86	80896.00
 8.86	80998.40
 8.87	81100.80
 8.87	81203.20
 8.88	81305.60
 8.89	81408.00
 8.90	81510.40
 8.91	81612.80
 8.91	81715.20
 8.93	81817.60
 8.94	81920.00
 8.94	82022.40
 8.95	82124.80
 8.96	82227.20
 9.01	82329.60
 9.01	82432.00
 9.02	82534.40
 9.04	82636.80
 9.05	82739.20
 9.07	82841.60
 9.07	82944.00
 9.08	83046.40
 9.08	83148.80
 9.09	83251.20
 9.10	83353.60
 9.11	83456.00
 9.12	83558.40
 9.13	83660.80
 9.14	83763.20
 9.14	83865.60
 9.16	83968.00
 9.16	84070.40
 9.17	84172.80
 9.18	84275.20
 9.18	84377.60
 9.19	84480.00
 9.19	84582.40
 9.20	84684.80
 9.22	84787.20
 9.23	84889.60
 9.25	84992.00
 9.26	85094.40
 9.27	85196.80
 9.28	85299.20
 9.30	85401.60
 9.30	85504.00
 9.31	85606.40
 9.32	85708.80
 9.33	85811.20
 9.34	85913.60
 9.35	86016.00
 9.35	86118.40
 9.36	86220.80
 9.36	86323.20
 9.37	86425.60
 9.38	86528.00
 9.39	86630.40
 9.40	86732.80
 9.40	86835.20
 9.41	86937.60
 9.41	87040.00
 9.42	87142.40
 9.42	87244.80
 9.43	87347.20
 9.43	87449.60
 9.44	87552.00
 9.45	87654.40
 9.46	87756.80
 9.46	87859.20
 9.46	87961.60
 9.49	88064.00
 9.49	88166.40
 9.50	88268.80
 9.51	88371.20
 9.51	88473.60
 9.52	88576.00
 9.53	88678.40
 9.54	88780.80
 9.54	88883.20
 9.55	88985.60
 9.56	89088.00
 9.58	89190.40
 9.59	89292.80
 9.60	89395.20
 9.61	89497.60
 9.61	89600.00
 9.63	89702.40
 9.64	89804.80
 9.64	89907.20
 9.64	90009.60
 9.65	90112.00
 9.66	90214.40
 9.66	90316.80
 9.67	90419.20
 9.67	90521.60
 9.68	90624.00
 9.68	90726.40
 9.69	90828.80
 9.70	90931.20
 9.70	91033.60
 9.71	91136.00
 9.71	91238.40
 9.72	91340.80
 9.72	91443.20
 9.73	91545.60
 9.74	91648.00
 9.74	91750.40
 9.76	91852.80
 9.76	91955.20
 9.76	92057.60
 9.77	92160.00
 9.77	92262.40
 9.78	92364.80
 9.79	92467.20
 9.79	92569.60
 9.80	92672.00
 9.80	92774.40
 9.81	92876.80
 9.82	92979.20
 9.82	93081.60
 9.84	93184.00
 9.84	93286.40
 9.85	93388.80
 9.85	93491.20
 9.86	93593.60
 9.86	93696.00
 9.86	93798.40
 9.87	93900.80
 9.87	94003.20
 9.88	94105.60
 9.88	94208.00
 9.89	94310.40
 9.90	94412.80
 9.90	94515.20
 9.91	94617.60
 9.91	94720.00
 9.91	94822.40
 9.92	94924.80
 9.92	95027.20
 9.93	95129.60
 9.94	95232.00
 9.94	95334.40
 9.95	95436.80
 9.95	95539.20
 9.96	95641.60
 9.96	95744.00
 9.96	95846.40
 9.97	95948.80
 9.97	96051.20
 9.98	96153.60
 9.98	96256.00
 9.99	96358.40
 9.99	96460.80
 10.00	96563.20
 10.00	96665.60
 10.01	96768.00
 10.01	96870.40
 10.02	96972.80
 10.02	97075.20
 10.02	97177.60
 10.03	97280.00
 10.04	97382.40
 10.04	97484.80
 10.05	97587.20
 10.06	97689.60
 10.07	97792.00
 10.07	97894.40
 10.08	97996.80
 10.09	98099.20
 10.10	98201.60
 10.10	98304.00
 10.11	98406.40
 10.12	98508.80
 10.13	98611.20
 10.13	98713.60
 10.14	98816.00
 10.14	98918.40
 10.15	99020.80
 10.15	99123.20
 10.16	99225.60
 10.16	99328.00
 10.17	99430.40
 10.17	99532.80
 10.18	99635.20
 10.19	99737.60
 10.20	99840.00
 10.21	99942.40
 10.21	100044.80
 10.22	100147.20
 10.23	100249.60
 10.24	100352.00
 10.24	100454.40
 10.25	100556.80
 10.26	100659.20
 10.27	100761.60
 10.28	100864.00
 10.28	100966.40
 10.28	101068.80
 10.29	101171.20
 10.29	101273.60
 10.30	101376.00
 10.30	101478.40
 10.31	101580.80
 10.31	101683.20
 10.32	101785.60
 10.33	101888.00
 10.33	101990.40
 10.34	102092.80
 10.35	102195.20
 10.37	102297.60
 10.37	102400.00
 10.37	102502.40
 10.38	102604.80
 10.38	102707.20
 10.39	102809.60
 10.39	102912.00
 10.40	103014.40
 10.40	103116.80
 10.40	103219.20
 10.41	103321.60
 10.41	103424.00
 10.42	103526.40
 10.42	103628.80
 10.43	103731.20
 10.43	103833.60
 10.44	103936.00
 10.45	104038.40
 10.45	104140.80
 10.46	104243.20
 10.47	104345.60
 10.47	104448.00
 10.48	104550.40
 10.49	104652.80
 10.49	104755.20
 10.49	104857.60
 10.50	104960.00
 10.51	105062.40
 10.51	105164.80
 10.52	105267.20
 10.54	105369.60
 10.55	105472.00
 10.56	105574.40
 10.57	105676.80
 10.57	105779.20
 10.57	105881.60
 10.58	105984.00
 10.59	106086.40
 10.59	106188.80
 10.59	106291.20
 10.60	106393.60
 10.61	106496.00
 10.61	106598.40
 10.63	106700.80
 10.63	106803.20
 10.63	106905.60
 10.65	107008.00
 10.65	107110.40
 10.66	107212.80
 10.67	107315.20
 10.68	107417.60
 10.69	107520.00
 10.69	107622.40
 10.69	107724.80
 10.70	107827.20
 10.70	107929.60
 10.72	108032.00
 10.72	108134.40
 10.73	108236.80
 10.73	108339.20
 10.73	108441.60
 10.75	108544.00
 10.75	108646.40
 10.76	108748.80
 10.76	108851.20
 10.77	108953.60
 10.77	109056.00
 10.78	109158.40
 10.78	109260.80
 10.79	109363.20
 10.80	109465.60
 10.81	109568.00
 10.81	109670.40
 10.82	109772.80
 10.83	109875.20
 10.85	109977.60
 10.85	110080.00
 10.86	110182.40
 10.86	110284.80
 10.87	110387.20
 10.88	110489.60
 10.89	110592.00
 10.90	110694.40
 10.90	110796.80
 10.91	110899.20
 10.92	111001.60
 10.93	111104.00
 10.93	111206.40
 10.93	111308.80
 10.94	111411.20
 10.94	111513.60
 10.95	111616.00
 10.95	111718.40
 10.96	111820.80
 10.96	111923.20
 10.96	112025.60
 10.97	112128.00
 10.99	112230.40
 10.99	112332.80
 11.00	112435.20
 11.01	112537.60
 11.02	112640.00
 11.02	112742.40
 11.02	112844.80
 11.03	112947.20
 11.04	113049.60
 11.04	113152.00
 11.05	113254.40
 11.06	113356.80
 11.06	113459.20
 11.06	113561.60
 11.07	113664.00
 11.08	113766.40
 11.08	113868.80
 11.08	113971.20
 11.09	114073.60
 11.09	114176.00
 11.10	114278.40
 11.10	114380.80
 11.11	114483.20
 11.12	114585.60
 11.12	114688.00
 11.13	114790.40
 11.13	114892.80
 11.13	114995.20
 11.15	115097.60
 11.15	115200.00
 11.16	115302.40
 11.18	115404.80
 11.18	115507.20
 11.19	115609.60
 11.20	115712.00
 11.20	115814.40
 11.21	115916.80
 11.21	116019.20
 11.22	116121.60
 11.22	116224.00
 11.22	116326.40
 11.23	116428.80
 11.23	116531.20
 11.24	116633.60
 11.25	116736.00
 11.25	116838.40
 11.26	116940.80
 11.28	117043.20
 11.28	117145.60
 11.29	117248.00
 11.29	117350.40
 11.29	117452.80
 11.30	117555.20
 11.30	117657.60
 11.31	117760.00
 11.31	117862.40
 11.32	117964.80
 11.33	118067.20
 11.34	118169.60
 11.35	118272.00
 11.35	118374.40
 11.36	118476.80
 11.36	118579.20
 11.37	118681.60
 11.39	118784.00
 11.40	118886.40
 11.41	118988.80
 11.42	119091.20
 11.42	119193.60
 11.43	119296.00
 11.44	119398.40
 11.45	119500.80
 11.45	119603.20
 11.47	119705.60
 11.49	119808.00
 11.50	119910.40
 11.50	120012.80
 11.51	120115.20
 11.52	120217.60
 11.52	120320.00
 11.53	120422.40
 11.53	120524.80
 11.54	120627.20
 11.55	120729.60
 11.55	120832.00
 11.56	120934.40
 11.57	121036.80
 11.57	121139.20
 11.58	121241.60
 11.59	121344.00
 11.59	121446.40
 11.60	121548.80
 11.60	121651.20
 11.61	121753.60
 11.62	121856.00
 11.63	121958.40
 11.63	122060.80
 11.64	122163.20
 11.65	122265.60
 11.67	122368.00
 11.67	122470.40
 11.68	122572.80
 11.69	122675.20
 11.69	122777.60
 11.71	122880.00
 11.71	122982.40
 11.71	123084.80
 11.72	123187.20
 11.72	123289.60
 11.73	123392.00
 11.73	123494.40
 11.74	123596.80
 11.75	123699.20
 11.76	123801.60
 11.76	123904.00
 11.77	124006.40
 11.77	124108.80
 11.78	124211.20
 11.79	124313.60
 11.80	124416.00
 11.81	124518.40
 11.82	124620.80
 11.84	124723.20
 11.84	124825.60
 11.84	124928.00
 11.86	125030.40
 11.86	125132.80
 11.87	125235.20
 11.89	125337.60
 11.90	125440.00
 11.90	125542.40
 11.91	125644.80
 11.91	125747.20
 11.93	125849.60
 11.94	125952.00
 11.96	126054.40
 11.96	126156.80
 11.97	126259.20
 11.98	126361.60
 12.00	126464.00
 12.00	126566.40
 12.01	126668.80
 12.02	126771.20
 12.02	126873.60
 12.02	126976.00
 12.03	127078.40
 12.03	127180.80
 12.04	127283.20
 12.05	127385.60
 12.05	127488.00
 12.06	127590.40
 12.06	127692.80
 12.06	127795.20
 12.07	127897.60
 12.08	128000.00
 12.08	128102.40
 12.09	128204.80
 12.09	128307.20
 12.09	128409.60
 12.10	128512.00
 12.11	128614.40
 12.11	128716.80
 12.11	128819.20
 12.12	128921.60
 12.12	129024.00
 12.13	129126.40
 12.14	129228.80
 12.14	129331.20
 12.15	129433.60
 12.16	129536.00
 12.16	129638.40
 12.16	129740.80
 12.17	129843.20
 12.18	129945.60
 12.19	130048.00
 12.20	130150.40
 12.20	130252.80
 12.20	130355.20
 12.21	130457.60
 12.22	130560.00
 12.23	130662.40
 12.23	130764.80
 12.24	130867.20
 12.25	130969.60
 12.25	131072.00
 12.26	131174.40
 12.26	131276.80
 12.26	131379.20
 12.27	131481.60
 12.27	131584.00
 12.28	131686.40
 12.28	131788.80
 12.29	131891.20
 12.29	131993.60
 12.30	132096.00
 12.30	132198.40
 12.30	132300.80
 12.31	132403.20
 12.31	132505.60
 12.32	132608.00
 12.32	132710.40
 12.32	132812.80
 12.33	132915.20
 12.34	133017.60
 12.35	133120.00
 12.35	133222.40
 12.36	133324.80
 12.36	133427.20
 12.36	133529.60
 12.37	133632.00
 12.37	133734.40
 12.38	133836.80
 12.38	133939.20
 12.38	134041.60
 12.39	134144.00
 12.39	134246.40
 12.40	134348.80
 12.41	134451.20
 12.42	134553.60
 12.43	134656.00
 12.44	134758.40
 12.44	134860.80
 12.45	134963.20
 12.45	135065.60
 12.46	135168.00
 12.46	135270.40
 12.47	135372.80
 12.47	135475.20
 12.47	135577.60
 12.48	135680.00
 12.48	135782.40
 12.49	135884.80
 12.49	135987.20
 12.50	136089.60
 12.50	136192.00
 12.50	136294.40
 12.51	136396.80
 12.51	136499.20
 12.52	136601.60
 12.52	136704.00
 12.52	136806.40
 12.53	136908.80
 12.53	137011.20
 12.54	137113.60
 12.55	137216.00
 12.55	137318.40
 12.56	137420.80
 12.56	137523.20
 12.57	137625.60
 12.57	137728.00
 12.59	137830.40
 12.59	137932.80
 12.60	138035.20
 12.61	138137.60
 12.61	138240.00
 12.62	138342.40
 12.62	138444.80
 12.63	138547.20
 12.65	138649.60
 12.66	138752.00
 12.66	138854.40
 12.67	138956.80
 12.67	139059.20
 12.69	139161.60
 12.70	139264.00
 12.70	139366.40
 12.71	139468.80
 12.74	139571.20
 12.75	139673.60
 12.76	139776.00
 12.76	139878.40
 12.77	139980.80
 12.78	140083.20
 12.79	140185.60
 12.80	140288.00
 12.81	140390.40
 12.82	140492.80
 12.84	140595.20
 12.98	140697.60
 13.00	140800.00
 13.01	140902.40
 13.04	141004.80
 13.04	141107.20
 13.05	141209.60
 13.05	141312.00
 13.07	141414.40
 13.07	141516.80
 13.08	141619.20
 13.12	141721.60
 13.13	141824.00
 13.14	141926.40
 13.14	142028.80
 13.15	142131.20
 13.15	142233.60
 13.16	142336.00
 13.16	142438.40
 13.17	142540.80
 13.17	142643.20
 13.18	142745.60
 13.18	142848.00
 13.19	142950.40
 13.19	143052.80
 13.20	143155.20
 13.21	143257.60
 13.22	143360.00
 13.23	143462.40
 13.24	143564.80
 13.25	143667.20
 13.25	143769.60
 13.26	143872.00
 13.26	143974.40
 13.27	144076.80
 13.29	144179.20
 13.29	144281.60
 13.30	144384.00
 13.30	144486.40
 13.31	144588.80
 13.31	144691.20
 13.33	144793.60
 13.33	144896.00
 13.34	144998.40
 13.35	145100.80
 13.35	145203.20
 13.36	145305.60
 13.36	145408.00
 13.37	145510.40
 13.37	145612.80
 13.38	145715.20
 13.39	145817.60
 13.39	145920.00
 13.40	146022.40
 13.40	146124.80
 13.40	146227.20
 13.42	146329.60
 13.42	146432.00
 13.43	146534.40
 13.43	146636.80
 13.43	146739.20
 13.44	146841.60
 13.45	146944.00
 13.47	147046.40
 13.48	147148.80
 13.48	147251.20
 13.50	147353.60
 13.52	147456.00
 13.52	147558.40
 13.53	147660.80
 13.54	147763.20
 13.55	147865.60
 13.56	147968.00
 13.57	148070.40
 13.57	148172.80
 13.59	148275.20
 13.59	148377.60
 13.60	148480.00
 13.60	148582.40
 13.61	148684.80
 13.62	148787.20
 13.62	148889.60
 13.63	148992.00
 13.63	149094.40
 13.63	149196.80
 13.64	149299.20
 13.64	149401.60
 13.65	149504.00
 13.66	149606.40
 13.66	149708.80
 13.67	149811.20
 13.68	149913.60
 13.68	150016.00
 13.69	150118.40
 13.69	150220.80
 13.70	150323.20
 13.71	150425.60
 13.72	150528.00
 13.73	150630.40
 13.73	150732.80
 13.73	150835.20
 13.74	150937.60
 13.74	151040.00
 13.75	151142.40
 13.75	151244.80
 13.76	151347.20
 13.77	151449.60
 13.77	151552.00
 13.78	151654.40
 13.78	151756.80
 13.79	151859.20
 13.81	151961.60
 13.82	152064.00
 13.82	152166.40
 13.83	152268.80
 13.83	152371.20
 13.84	152473.60
 13.85	152576.00
 13.86	152678.40
 13.87	152780.80
 13.88	152883.20
 13.88	152985.60
 13.90	153088.00
 13.90	153190.40
 13.91	153292.80
 13.92	153395.20
 13.94	153497.60
 13.95	153600.00
 13.95	153702.40
 13.96	153804.80
 13.96	153907.20
 13.96	154009.60
 13.97	154112.00
 13.98	154214.40
 13.98	154316.80
 13.99	154419.20
 14.00	154521.60
 14.00	154624.00
 14.01	154726.40
 14.02	154828.80
 14.03	154931.20
 14.03	155033.60
 14.04	155136.00
 14.05	155238.40
 14.06	155340.80
 14.06	155443.20
 14.07	155545.60
 14.08	155648.00
 14.08	155750.40
 14.09	155852.80
 14.09	155955.20
 14.10	156057.60
 14.10	156160.00
 14.11	156262.40
 14.11	156364.80
 14.11	156467.20
 14.12	156569.60
 14.13	156672.00
 14.13	156774.40
 14.14	156876.80
 14.14	156979.20
 14.15	157081.60
 14.16	157184.00
 14.16	157286.40
 14.17	157388.80
 14.18	157491.20
 14.18	157593.60
 14.19	157696.00
 14.19	157798.40
 14.20	157900.80
 14.22	158003.20
 14.23	158105.60
 14.24	158208.00
 14.25	158310.40
 14.25	158412.80
 14.25	158515.20
 14.26	158617.60
 14.27	158720.00
 14.28	158822.40
 14.28	158924.80
 14.29	159027.20
 14.30	159129.60
 14.30	159232.00
 14.32	159334.40
 14.32	159436.80
 14.33	159539.20
 14.33	159641.60
 14.34	159744.00
 14.34	159846.40
 14.35	159948.80
 14.35	160051.20
 14.36	160153.60
 14.37	160256.00
 14.37	160358.40
 14.37	160460.80
 14.38	160563.20
 14.39	160665.60
 14.40	160768.00
 14.40	160870.40
 14.40	160972.80
 14.41	161075.20
 14.42	161177.60
 14.45	161280.00
 14.46	161382.40
 14.47	161484.80
 14.47	161587.20
 14.48	161689.60
 14.51	161792.00
 14.53	161894.40
 14.54	161996.80
 14.55	162099.20
 14.55	162201.60
 14.56	162304.00
 14.56	162406.40
 14.57	162508.80
 14.58	162611.20
 14.58	162713.60
 14.60	162816.00
 14.61	162918.40
 14.61	163020.80
 14.62	163123.20
 14.62	163225.60
 14.63	163328.00
 14.63	163430.40
 14.64	163532.80
 14.64	163635.20
 14.65	163737.60
 14.65	163840.00
 14.66	163942.40
 14.69	164044.80
 14.69	164147.20
 14.69	164249.60
 14.70	164352.00
 14.71	164454.40
 14.72	164556.80
 14.73	164659.20
 14.74	164761.60
 14.74	164864.00
 14.75	164966.40
 14.76	165068.80
 14.77	165171.20
 14.78	165273.60
 14.79	165376.00
 14.79	165478.40
 14.80	165580.80
 14.80	165683.20
 14.81	165785.60
 14.81	165888.00
 14.82	165990.40
 14.82	166092.80
 14.83	166195.20
 14.83	166297.60
 14.84	166400.00
 14.84	166502.40
 14.85	166604.80
 14.86	166707.20
 14.86	166809.60
 14.86	166912.00
 14.87	167014.40
 14.87	167116.80
 14.90	167219.20
 14.90	167321.60
 14.91	167424.00
 14.92	167526.40
 14.92	167628.80
 14.93	167731.20
 14.93	167833.60
 14.94	167936.00
 14.95	168038.40
 14.95	168140.80
 14.96	168243.20
 14.96	168345.60
 14.97	168448.00
 14.97	168550.40
 14.98	168652.80
 14.98	168755.20
 14.99	168857.60
 15.00	168960.00
 15.00	169062.40
 15.01	169164.80
 15.01	169267.20
 15.02	169369.60
 15.03	169472.00
 15.04	169574.40
 15.05	169676.80
 15.05	169779.20
 15.06	169881.60
 15.07	169984.00
 15.07	170086.40
 15.08	170188.80
 15.08	170291.20
 15.09	170393.60
 15.09	170496.00
 15.09	170598.40
 15.10	170700.80
 15.11	170803.20
 15.11	170905.60
 15.12	171008.00
 15.12	171110.40
 15.13	171212.80
 15.14	171315.20
 15.14	171417.60
 15.15	171520.00
 15.15	171622.40
 15.16	171724.80
 15.16	171827.20
 15.17	171929.60
 15.17	172032.00
 15.18	172134.40
 15.18	172236.80
 15.19	172339.20
 15.20	172441.60
 15.20	172544.00
 15.20	172646.40
 15.21	172748.80
 15.21	172851.20
 15.22	172953.60
 15.22	173056.00
 15.22	173158.40
 15.23	173260.80
 15.24	173363.20
 15.24	173465.60
 15.24	173568.00
 15.25	173670.40
 15.26	173772.80
 15.26	173875.20
 15.27	173977.60
 15.27	174080.00
 15.27	174182.40
 15.28	174284.80
 15.28	174387.20
 15.29	174489.60
 15.29	174592.00
 15.30	174694.40
 15.30	174796.80
 15.31	174899.20
 15.31	175001.60
 15.32	175104.00
 15.32	175206.40
 15.33	175308.80
 15.33	175411.20
 15.33	175513.60
 15.34	175616.00
 15.35	175718.40
 15.35	175820.80
 15.35	175923.20
 15.36	176025.60
 15.36	176128.00
 15.37	176230.40
 15.38	176332.80
 15.38	176435.20
 15.39	176537.60
 15.39	176640.00
 15.39	176742.40
 15.40	176844.80
 15.41	176947.20
 15.41	177049.60
 15.42	177152.00
 15.42	177254.40
 15.42	177356.80
 15.43	177459.20
 15.43	177561.60
 15.44	177664.00
 15.44	177766.40
 15.45	177868.80
 15.45	177971.20
 15.45	178073.60
 15.46	178176.00
 15.46	178278.40
 15.47	178380.80
 15.48	178483.20
 15.48	178585.60
 15.49	178688.00
 15.49	178790.40
 15.49	178892.80
 15.50	178995.20
 15.51	179097.60
 15.52	179200.00
 15.52	179302.40
 15.53	179404.80
 15.53	179507.20
 15.54	179609.60
 15.54	179712.00
 15.55	179814.40
 15.55	179916.80
 15.55	180019.20
 15.56	180121.60
 15.57	180224.00
 15.57	180326.40
 15.57	180428.80
 15.58	180531.20
 15.58	180633.60
 15.59	180736.00
 15.59	180838.40
 15.60	180940.80
 15.61	181043.20
 15.61	181145.60
 15.62	181248.00
 15.62	181350.40
 15.62	181452.80
 15.63	181555.20
 15.64	181657.60
 15.64	181760.00
 15.65	181862.40
 15.65	181964.80
 15.65	182067.20
 15.66	182169.60
 15.66	182272.00
 15.67	182374.40
 15.67	182476.80
 15.68	182579.20
 15.68	182681.60
 15.69	182784.00
 15.69	182886.40
 15.70	182988.80
 15.70	183091.20
 15.71	183193.60
 15.71	183296.00
 15.71	183398.40
 15.72	183500.80
 15.72	183603.20
 15.73	183705.60
 15.73	183808.00
 15.74	183910.40
 15.74	184012.80
 15.75	184115.20
 15.76	184217.60
 15.76	184320.00
 15.77	184422.40
 15.77	184524.80
 15.77	184627.20
 15.78	184729.60
 15.79	184832.00
 15.79	184934.40
 15.79	185036.80
 15.80	185139.20
 15.80	185241.60
 15.81	185344.00
 15.81	185446.40
 15.82	185548.80
 15.82	185651.20
 15.83	185753.60
 15.83	185856.00
 15.84	185958.40
 15.84	186060.80
 15.85	186163.20
 15.86	186265.60
 15.86	186368.00
 15.86	186470.40
 15.87	186572.80
 15.87	186675.20
 15.88	186777.60
 15.88	186880.00
 15.89	186982.40
 15.89	187084.80
 15.89	187187.20
 15.90	187289.60
 15.91	187392.00
 15.91	187494.40
 15.92	187596.80
 15.92	187699.20
 15.93	187801.60
 15.93	187904.00
 15.94	188006.40
 15.95	188108.80
 15.95	188211.20
 15.95	188313.60
 15.97	188416.00
 15.97	188518.40
 15.97	188620.80
 15.98	188723.20
 15.99	188825.60
 16.00	188928.00
 16.00	189030.40
 16.02	189132.80
 16.02	189235.20
 16.02	189337.60
 16.03	189440.00
 16.03	189542.40
 16.04	189644.80
 16.05	189747.20
 16.06	189849.60
 16.06	189952.00
 16.06	190054.40
 16.07	190156.80
 16.07	190259.20
 16.08	190361.60
 16.08	190464.00
 16.08	190566.40
 16.09	190668.80
 16.09	190771.20
 16.10	190873.60
 16.11	190976.00
 16.11	191078.40
 16.12	191180.80
 16.12	191283.20
 16.13	191385.60
 16.13	191488.00
 16.14	191590.40
 16.14	191692.80
 16.15	191795.20
 16.16	191897.60
 16.16	192000.00
 16.17	192102.40
 16.17	192204.80
 16.17	192307.20
 16.18	192409.60
 16.18	192512.00
 16.19	192614.40
 16.19	192716.80
 16.19	192819.20
 16.20	192921.60
 16.20	193024.00
 16.21	193126.40
 16.21	193228.80
 16.22	193331.20
 16.23	193433.60
 16.24	193536.00
 16.25	193638.40
 16.25	193740.80
 16.27	193843.20
 16.27	193945.60
 16.28	194048.00
 16.28	194150.40
 16.28	194252.80
 16.29	194355.20
 16.30	194457.60
 16.31	194560.00
 16.31	194662.40
 16.32	194764.80
 16.32	194867.20
 16.33	194969.60
 16.34	195072.00
 16.34	195174.40
 16.34	195276.80
 16.36	195379.20
 16.36	195481.60
 16.37	195584.00
 16.37	195686.40
 16.38	195788.80
 16.39	195891.20
 16.39	195993.60
 16.40	196096.00
 16.41	196198.40
 16.42	196300.80
 16.42	196403.20
 16.43	196505.60
 16.43	196608.00
 16.44	196710.40
 16.44	196812.80
 16.44	196915.20
 16.45	197017.60
 16.46	197120.00
 16.47	197222.40
 16.47	197324.80
 16.48	197427.20
 16.48	197529.60
 16.49	197632.00
 16.49	197734.40
 16.50	197836.80
 16.52	197939.20
 16.52	198041.60
 16.52	198144.00
 16.53	198246.40
 16.54	198348.80
 16.54	198451.20
 16.55	198553.60
 16.55	198656.00
 16.56	198758.40
 16.57	198860.80
 16.58	198963.20
 16.58	199065.60
 16.59	199168.00
 16.59	199270.40
 16.60	199372.80
 16.60	199475.20
 16.61	199577.60
 16.62	199680.00
 16.63	199782.40
 16.63	199884.80
 16.63	199987.20
 16.64	200089.60
 16.64	200192.00
 16.65	200294.40
 16.65	200396.80
 16.66	200499.20
 16.67	200601.60
 16.67	200704.00
 16.68	200806.40
 16.69	200908.80
 16.69	201011.20
 16.70	201113.60
 16.70	201216.00
 16.71	201318.40
 16.71	201420.80
 16.72	201523.20
 16.72	201625.60
 16.73	201728.00
 16.74	201830.40
 16.75	201932.80
 16.75	202035.20
 16.76	202137.60
 16.77	202240.00
 16.77	202342.40
 16.78	202444.80
 16.78	202547.20
 16.79	202649.60
 16.79	202752.00
 16.80	202854.40
 16.81	202956.80
 16.81	203059.20
 16.82	203161.60
 16.84	203264.00
 16.85	203366.40
 16.86	203468.80
 16.87	203571.20
 16.87	203673.60
 16.88	203776.00
 16.88	203878.40
 16.88	203980.80
 16.89	204083.20
 16.89	204185.60
 16.90	204288.00
 16.91	204390.40
 16.91	204492.80
 16.92	204595.20
 16.92	204697.60
 16.93	204800.00
 16.93	204902.40
 16.94	205004.80
 16.96	205107.20
 16.97	205209.60
 16.98	205312.00
 16.99	205414.40
 16.99	205516.80
 17.00	205619.20
 17.00	205721.60
 17.01	205824.00
 17.02	205926.40
 17.04	206028.80
 17.06	206131.20
 17.06	206233.60
 17.06	206336.00
 17.07	206438.40
 17.08	206540.80
 17.08	206643.20
 17.08	206745.60
 17.10	206848.00
 17.11	206950.40
 17.11	207052.80
 17.11	207155.20
 17.12	207257.60
 17.12	207360.00
 17.15	207462.40
 17.15	207564.80
 17.15	207667.20
 17.16	207769.60
 17.16	207872.00
 17.17	207974.40
 17.17	208076.80
 17.18	208179.20
 17.18	208281.60
 17.18	208384.00
 17.19	208486.40
 17.19	208588.80
 17.20	208691.20
 17.20	208793.60
 17.21	208896.00
 17.22	208998.40
 17.22	209100.80
 17.23	209203.20
 17.24	209305.60
 17.25	209408.00
 17.26	209510.40
 17.26	209612.80
 17.27	209715.20
 17.27	209817.60
 17.27	209920.00
 17.28	210022.40
 17.29	210124.80
 17.30	210227.20
 17.31	210329.60
 17.31	210432.00
 17.32	210534.40
 17.33	210636.80
 17.33	210739.20
 17.33	210841.60
 17.34	210944.00
 17.34	211046.40
 17.35	211148.80
 17.35	211251.20
 17.36	211353.60
 17.36	211456.00
 17.37	211558.40
 17.37	211660.80
 17.38	211763.20
 17.38	211865.60
 17.39	211968.00
 17.39	212070.40
 17.40	212172.80
 17.41	212275.20
 17.42	212377.60
 17.42	212480.00
 17.43	212582.40
 17.43	212684.80
 17.44	212787.20
 17.45	212889.60
 17.45	212992.00
 17.46	213094.40
 17.47	213196.80
 17.48	213299.20
 17.48	213401.60
 17.49	213504.00
 17.49	213606.40
 17.50	213708.80
 17.51	213811.20
 17.51	213913.60
 17.51	214016.00
 17.52	214118.40
 17.53	214220.80
 17.53	214323.20
 17.54	214425.60
 17.55	214528.00
 17.55	214630.40
 17.56	214732.80
 17.56	214835.20
 17.57	214937.60
 17.57	215040.00
 17.58	215142.40
 17.58	215244.80
 17.59	215347.20
 17.59	215449.60
 17.60	215552.00
 17.60	215654.40
 17.60	215756.80
 17.61	215859.20
 17.61	215961.60
 17.62	216064.00
 17.62	216166.40
 17.63	216268.80
 17.63	216371.20
 17.64	216473.60
 17.65	216576.00
 17.66	216678.40
 17.66	216780.80
 17.66	216883.20
 17.67	216985.60
 17.68	217088.00
 17.68	217190.40
 17.68	217292.80
 17.69	217395.20
 17.69	217497.60
 17.70	217600.00
 17.71	217702.40
 17.71	217804.80
 17.72	217907.20
 17.72	218009.60
 17.73	218112.00
 17.75	218214.40
 17.75	218316.80
 17.76	218419.20
 17.76	218521.60
 17.77	218624.00
 17.77	218726.40
 17.78	218828.80
 17.78	218931.20
 17.79	219033.60
 17.79	219136.00
 17.79	219238.40
 17.80	219340.80
 17.80	219443.20
 17.81	219545.60
 17.82	219648.00
 17.83	219750.40
 17.83	219852.80
 17.84	219955.20
 17.85	220057.60
 17.86	220160.00
 17.87	220262.40
 17.87	220364.80
 17.88	220467.20
 17.89	220569.60
 17.89	220672.00
 17.90	220774.40
 17.91	220876.80
 17.91	220979.20
 17.92	221081.60
 17.92	221184.00
 17.93	221286.40
 17.93	221388.80
 17.94	221491.20
 17.94	221593.60
 17.95	221696.00
 17.95	221798.40
 17.96	221900.80
 17.97	222003.20
 17.97	222105.60
 17.98	222208.00
 17.98	222310.40
 17.99	222412.80
 17.99	222515.20
 17.99	222617.60
 18.00	222720.00
 18.01	222822.40
 18.01	222924.80
 18.02	223027.20
 18.03	223129.60
 18.03	223232.00
 18.03	223334.40
 18.04	223436.80
 18.05	223539.20
 18.05	223641.60
 18.06	223744.00
 18.06	223846.40
 18.07	223948.80
 18.07	224051.20
 18.07	224153.60
 18.08	224256.00
 18.08	224358.40
 18.09	224460.80
 18.09	224563.20
 18.10	224665.60
 18.10	224768.00
 18.11	224870.40
 18.11	224972.80
 18.12	225075.20
 18.12	225177.60
 18.13	225280.00
 18.13	225382.40
 18.13	225484.80
 18.14	225587.20
 18.14	225689.60
 18.15	225792.00
 18.16	225894.40
 18.16	225996.80
 18.16	226099.20
 18.17	226201.60
 18.17	226304.00
 18.18	226406.40
 18.18	226508.80
 18.19	226611.20
 18.19	226713.60
 18.21	226816.00
 18.21	226918.40
 18.22	227020.80
 18.22	227123.20
 18.23	227225.60
 18.23	227328.00
 18.24	227430.40
 18.24	227532.80
 18.25	227635.20
 18.26	227737.60
 18.26	227840.00
 18.26	227942.40
 18.27	228044.80
 18.28	228147.20
 18.29	228249.60
 18.29	228352.00
 18.30	228454.40
 18.31	228556.80
 18.31	228659.20
 18.33	228761.60
 18.33	228864.00
 18.33	228966.40
 18.34	229068.80
 18.34	229171.20
 18.35	229273.60
 18.36	229376.00
 18.36	229478.40
 18.36	229580.80
 18.37	229683.20
 18.37	229785.60
 18.38	229888.00
 18.39	229990.40
 18.39	230092.80
 18.39	230195.20
 18.40	230297.60
 18.40	230400.00
 18.41	230502.40
 18.42	230604.80
 18.42	230707.20
 18.44	230809.60
 18.45	230912.00
 18.45	231014.40
 18.46	231116.80
 18.47	231219.20
 18.48	231321.60
 18.48	231424.00
 18.50	231526.40
 18.51	231628.80
 18.51	231731.20
 18.52	231833.60
 18.53	231936.00
 18.53	232038.40
 18.53	232140.80
 18.54	232243.20
 18.54	232345.60
 18.55	232448.00
 18.55	232550.40
 18.56	232652.80
 18.57	232755.20
 18.57	232857.60
 18.57	232960.00
 18.58	233062.40
 18.59	233164.80
 18.59	233267.20
 18.60	233369.60
 18.60	233472.00
 18.61	233574.40
 18.61	233676.80
 18.62	233779.20
 18.63	233881.60
 18.63	233984.00
 18.63	234086.40
 18.64	234188.80
 18.65	234291.20
 18.66	234393.60
 18.66	234496.00
 18.66	234598.40
 18.67	234700.80
 18.67	234803.20
 18.68	234905.60
 18.68	235008.00
 18.69	235110.40
 18.69	235212.80
 18.70	235315.20
 18.71	235417.60
 18.71	235520.00
 18.71	235622.40
 18.72	235724.80
 18.72	235827.20
 18.73	235929.60
 18.73	236032.00
 18.74	236134.40
 18.75	236236.80
 18.76	236339.20
 18.77	236441.60
 18.77	236544.00
 18.78	236646.40
 18.79	236748.80
 18.80	236851.20
 18.80	236953.60
 18.81	237056.00
 18.81	237158.40
 18.82	237260.80
 18.82	237363.20
 18.83	237465.60
 18.83	237568.00
 18.85	237670.40
 18.85	237772.80
 18.85	237875.20
 18.86	237977.60
 18.86	238080.00
 18.87	238182.40
 18.88	238284.80
 18.88	238387.20
 18.89	238489.60
 18.89	238592.00
 18.90	238694.40
 18.90	238796.80
 18.91	238899.20
 18.92	239001.60
 18.92	239104.00
 18.93	239206.40
 18.94	239308.80
 18.94	239411.20
 18.95	239513.60
 18.95	239616.00
 18.96	239718.40
 18.97	239820.80
 18.97	239923.20
 18.98	240025.60
 18.98	240128.00
 18.98	240230.40
 18.99	240332.80
 19.00	240435.20
 19.00	240537.60
 19.01	240640.00
 19.01	240742.40
 19.02	240844.80
 19.02	240947.20
 19.03	241049.60
 19.04	241152.00
 19.04	241254.40
 19.04	241356.80
 19.05	241459.20
 19.06	241561.60
 19.06	241664.00
 19.07	241766.40
 19.07	241868.80
 19.08	241971.20
 19.08	242073.60
 19.09	242176.00
 19.10	242278.40
 19.10	242380.80
 19.10	242483.20
 19.11	242585.60
 19.11	242688.00
 19.12	242790.40
 19.13	242892.80
 19.13	242995.20
 19.14	243097.60
 19.14	243200.00
 19.14	243302.40
 19.15	243404.80
 19.16	243507.20
 19.16	243609.60
 19.17	243712.00
 19.18	243814.40
 19.19	243916.80
 19.19	244019.20
 19.20	244121.60
 19.21	244224.00
 19.22	244326.40
 19.22	244428.80
 19.22	244531.20
 19.23	244633.60
 19.24	244736.00
 19.24	244838.40
 19.25	244940.80
 19.25	245043.20
 19.26	245145.60
 19.26	245248.00
 19.27	245350.40
 19.28	245452.80
 19.28	245555.20
 19.28	245657.60
 19.29	245760.00
 19.29	245862.40
 19.30	245964.80
 19.31	246067.20
 19.31	246169.60
 19.32	246272.00
 19.33	246374.40
 19.34	246476.80
 19.34	246579.20
 19.35	246681.60
 19.35	246784.00
 19.36	246886.40
 19.37	246988.80
 19.37	247091.20
 19.37	247193.60
 19.38	247296.00
 19.38	247398.40
 19.39	247500.80
 19.40	247603.20
 19.40	247705.60
 19.41	247808.00
 19.41	247910.40
 19.41	248012.80
 19.42	248115.20
 19.42	248217.60
 19.43	248320.00
 19.43	248422.40
 19.44	248524.80
 19.44	248627.20
 19.44	248729.60
 19.45	248832.00
 19.46	248934.40
 19.46	249036.80
 19.47	249139.20
 19.48	249241.60
 19.48	249344.00
 19.49	249446.40
 19.49	249548.80
 19.50	249651.20
 19.51	249753.60
 19.52	249856.00
 19.53	249958.40
 19.54	250060.80
 19.54	250163.20
 19.55	250265.60
 19.55	250368.00
 19.56	250470.40
 19.56	250572.80
 19.57	250675.20
 19.57	250777.60
 19.58	250880.00
 19.58	250982.40
 19.59	251084.80
 19.60	251187.20
 19.60	251289.60
 19.61	251392.00
 19.61	251494.40
 19.62	251596.80
 19.63	251699.20
 19.63	251801.60
 19.64	251904.00
 19.65	252006.40
 19.66	252108.80
 19.66	252211.20
 19.67	252313.60
 19.67	252416.00
 19.67	252518.40
 19.68	252620.80
 19.68	252723.20
 19.69	252825.60
 19.69	252928.00
 19.70	253030.40
 19.70	253132.80
 19.71	253235.20
 19.71	253337.60
 19.71	253440.00
 19.72	253542.40
 19.72	253644.80
 19.73	253747.20
 19.73	253849.60
 19.73	253952.00
 19.74	254054.40
 19.74	254156.80
 19.75	254259.20
 19.75	254361.60
 19.76	254464.00
 19.76	254566.40
 19.77	254668.80
 19.77	254771.20
 19.77	254873.60
 19.78	254976.00
 19.78	255078.40
 19.79	255180.80
 19.79	255283.20
 19.80	255385.60
 19.80	255488.00
 19.80	255590.40
 19.81	255692.80
 19.81	255795.20
 19.82	255897.60
 19.82	256000.00
 19.82	256102.40
 19.83	256204.80
 19.83	256307.20
 19.84	256409.60
 19.84	256512.00
 19.85	256614.40
 19.85	256716.80
 19.86	256819.20
 19.86	256921.60
 19.87	257024.00
 19.87	257126.40
 19.88	257228.80
 19.89	257331.20
 19.89	257433.60
 19.89	257536.00
 19.90	257638.40
 19.90	257740.80
 19.91	257843.20
 19.92	257945.60
 19.92	258048.00
 19.93	258150.40
 19.93	258252.80
 19.94	258355.20
 19.94	258457.60
 19.95	258560.00
 19.95	258662.40
 19.95	258764.80
 19.96	258867.20
 19.96	258969.60
 19.97	259072.00
 19.97	259174.40
 19.98	259276.80
 19.98	259379.20
 19.99	259481.60
 19.99	259584.00
 20.00	259686.40
