 4.17	102.40
 4.17	204.80
 4.18	307.20
 4.19	409.60
 4.20	512.00
 4.20	614.40
 4.21	716.80
 4.21	819.20
 4.22	921.60
 4.22	1024.00
 4.23	1126.40
 4.23	1228.80
 4.24	1331.20
 4.25	1433.60
 4.26	1536.00
 4.26	1638.40
 4.27	1740.80
 4.27	1843.20
 4.28	1945.60
 4.29	2048.00
 4.29	2150.40
 4.30	2252.80
 4.30	2355.20
 4.30	2457.60
 4.31	2560.00
 4.31	2662.40
 4.32	2764.80
 4.32	2867.20
 4.32	2969.60
 4.33	3072.00
 4.33	3174.40
 4.34	3276.80
 4.35	3379.20
 4.35	3481.60
 4.36	3584.00
 4.36	3686.40
 4.37	3788.80
 4.37	3891.20
 4.37	3993.60
 4.38	4096.00
 4.38	4198.40
 4.39	4300.80
 4.40	4403.20
 4.40	4505.60
 4.41	4608.00
 4.41	4710.40
 4.42	4812.80
 4.43	4915.20
 4.43	5017.60
 4.43	5120.00
 4.44	5222.40
 4.44	5324.80
 4.45	5427.20
 4.45	5529.60
 4.46	5632.00
 4.47	5734.40
 4.47	5836.80
 4.48	5939.20
 4.48	6041.60
 4.49	6144.00
 4.50	6246.40
 4.50	6348.80
 4.51	6451.20
 4.51	6553.60
 4.51	6656.00
 4.52	6758.40
 4.53	6860.80
 4.53	6963.20
 4.54	7065.60
 4.54	7168.00
 4.54	7270.40
 4.55	7372.80
 4.55	7475.20
 4.56	7577.60
 4.57	7680.00
 4.57	7782.40
 4.58	7884.80
 4.58	7987.20
 4.59	8089.60
 4.59	8192.00
 4.59	8294.40
 4.60	8396.80
 4.61	8499.20
 4.61	8601.60
 4.62	8704.00
 4.63	8806.40
 4.63	8908.80
 4.64	9011.20
 4.65	9113.60
 4.66	9216.00
 4.67	9318.40
 4.67	9420.80
 4.68	9523.20
 4.68	9625.60
 4.69	9728.00
 4.69	9830.40
 4.70	9932.80
 4.70	10035.20
 4.71	10137.60
 4.72	10240.00
 4.72	10342.40
 4.73	10444.80
 4.74	10547.20
 4.74	10649.60
 4.75	10752.00
 4.75	10854.40
 4.75	10956.80
 4.76	11059.20
 4.78	11161.60
 4.78	11264.00
 4.79	11366.40
 4.79	11468.80
 4.81	11571.20
 4.81	11673.60
 4.82	11776.00
 4.82	11878.40
 4.83	11980.80
 4.84	12083.20
 4.84	12185.60
 4.85	12288.00
 4.85	12390.40
 4.86	12492.80
 4.87	12595.20
 4.87	12697.60
 4.88	12800.00
 4.88	12902.40
 4.89	13004.80
 4.90	13107.20
 4.90	13209.60
 4.90	13312.00
 4.92	13414.40
 4.92	13516.80
 4.93	13619.20
 4.93	13721.60
 4.94	13824.00
 4.95	13926.40
 4.95	14028.80
 4.96	14131.20
 4.96	14233.60
 4.97	14336.00
 4.97	14438.40
 4.98	14540.80
 4.98	14643.20
 4.99	14745.60
 5.00	14848.00
 5.00	14950.40
 5.00	15052.80
 5.01	15155.20
 5.01	15257.60
 5.02	15360.00
 5.03	15462.40
 5.03	15564.80
 5.04	15667.20
 5.04	15769.60
 5.05	15872.00
 5.05	15974.40
 5.06	16076.80
 5.06	16179.20
 5.06	16281.60
 5.07	16384.00
 5.07	16486.40
 5.08	16588.80
 5.08	16691.20
 5.09	16793.60
 5.09	16896.00
 5.09	16998.40
 5.10	17100.80
 5.10	17203.20
 5.11	17305.60
 5.11	17408.00
 5.11	17510.40
 5.12	17612.80
 5.12	17715.20
 5.13	17817.60
 5.13	17920.00
 5.14	18022.40
 5.14	18124.80
 5.14	18227.20
 5.15	18329.60
 5.15	18432.00
 5.16	18534.40
 5.16	18636.80
 5.17	18739.20
 5.17	18841.60
 5.18	18944.00
 5.18	19046.40
 5.19	19148.80
 5.19	19251.20
 5.19	19353.60
 5.20	19456.00
 5.21	19558.40
 5.21	19660.80
 5.22	19763.20
 5.23	19865.60
 5.23	19968.00
 5.24	20070.40
 5.24	20172.80
 5.25	20275.20
 5.25	20377.60
 5.25	20480.00
 5.26	20582.40
 5.26	20684.80
 5.27	20787.20
 5.27	20889.60
 5.28	20992.00
 5.29	21094.40
 5.30	21196.80
 5.30	21299.20
 5.30	21401.60
 5.31	21504.00
 5.32	21606.40
 5.32	21708.80
 5.33	21811.20
 5.33	21913.60
 5.33	22016.00
 5.34	22118.40
 5.34	22220.80
 5.35	22323.20
 5.35	22425.60
 5.36	22528.00
 5.36	22630.40
 5.37	22732.80
 5.37	22835.20
 5.38	22937.60
 5.38	23040.00
 5.39	23142.40
 5.39	23244.80
 5.40	23347.20
 5.40	23449.60
 5.40	23552.00
 5.41	23654.40
 5.41	23756.80
 5.42	23859.20
 5.42	23961.60
 5.43	24064.00
 5.44	24166.40
 5.44	24268.80
 5.45	24371.20
 5.45	24473.60
 5.45	24576.00
 5.46	24678.40
 5.47	24780.80
 5.47	24883.20
 5.48	24985.60
 5.48	25088.00
 5.49	25190.40
 5.49	25292.80
 5.50	25395.20
 5.50	25497.60
 5.51	25600.00
 5.51	25702.40
 5.52	25804.80
 5.53	25907.20
 5.53	26009.60
 5.54	26112.00
 5.55	26214.40
 5.55	26316.80
 5.56	26419.20
 5.56	26521.60
 5.57	26624.00
 5.57	26726.40
 5.57	26828.80
 5.58	26931.20
 5.58	27033.60
 5.59	27136.00
 5.59	27238.40
 5.59	27340.80
 5.60	27443.20
 5.60	27545.60
 5.61	27648.00
 5.61	27750.40
 5.62	27852.80
 5.62	27955.20
 5.62	28057.60
 5.63	28160.00
 5.64	28262.40
 5.64	28364.80
 5.65	28467.20
 5.65	28569.60
 5.65	28672.00
 5.66	28774.40
 5.66	28876.80
 5.67	28979.20
 5.68	29081.60
 5.68	29184.00
 5.69	29286.40
 5.69	29388.80
 5.70	29491.20
 5.70	29593.60
 5.71	29696.00
 5.71	29798.40
 5.71	29900.80
 5.72	30003.20
 5.72	30105.60
 5.73	30208.00
 5.73	30310.40
 5.74	30412.80
 5.74	30515.20
 5.75	30617.60
 5.75	30720.00
 5.76	30822.40
 5.76	30924.80
 5.77	31027.20
 5.77	31129.60
 5.78	31232.00
 5.78	31334.40
 5.79	31436.80
 5.79	31539.20
 5.80	31641.60
 5.80	31744.00
 5.80	31846.40
 5.81	31948.80
 5.82	32051.20
 5.82	32153.60
 5.83	32256.00
 5.83	32358.40
 5.83	32460.80
 5.84	32563.20
 5.84	32665.60
 5.85	32768.00
 5.85	32870.40
 5.85	32972.80
 5.86	33075.20
 5.86	33177.60
 5.87	33280.00
 5.87	33382.40
 5.88	33484.80
 5.88	33587.20
 5.88	33689.60
 5.89	33792.00
 5.90	33894.40
 5.90	33996.80
 5.91	34099.20
 5.91	34201.60
 5.91	34304.00
 5.92	34406.40
 5.92	34508.80
 5.93	34611.20
 5.94	34713.60
 5.94	34816.00
 5.94	34918.40
 5.95	35020.80
 5.95	35123.20
 5.96	35225.60
 5.96	35328.00
 5.97	35430.40
 5.97	35532.80
 5.98	35635.20
 5.98	35737.60
 5.99	35840.00
 6.00	35942.40
 6.00	36044.80
 6.01	36147.20
 6.02	36249.60
 6.02	36352.00
 6.03	36454.40
 6.03	36556.80
 6.04	36659.20
 6.04	36761.60
 6.05	36864.00
 6.06	36966.40
 6.06	37068.80
 6.07	37171.20
 6.07	37273.60
 6.07	37376.00
 6.08	37478.40
 6.09	37580.80
 6.09	37683.20
 6.09	37785.60
 6.10	37888.00
 6.11	37990.40
 6.12	38092.80
 6.12	38195.20
 6.12	38297.60
 6.13	38400.00
 6.14	38502.40
 6.14	38604.80
 6.15	38707.20
 6.15	38809.60
 6.15	38912.00
 6.16	39014.40
 6.16	39116.80
 6.17	39219.20
 6.17	39321.60
 6.18	39424.00
 6.18	39526.40
 6.18	39628.80
 6.20	39731.20
 6.21	39833.60
 6.21	39936.00
 6.22	40038.40
 6.22	40140.80
 6.22	40243.20
 6.23	40345.60
 6.23	40448.00
 6.24	40550.40
 6.24	40652.80
 6.24	40755.20
 6.25	40857.60
 6.26	40960.00
 6.27	41062.40
 6.28	41164.80
 6.29	41267.20
 6.29	41369.60
 6.29	41472.00
 6.30	41574.40
 6.30	41676.80
 6.31	41779.20
 6.32	41881.60
 6.33	41984.00
 6.34	42086.40
 6.34	42188.80
 6.35	42291.20
 6.35	42393.60
 6.35	42496.00
 6.36	42598.40
 6.36	42700.80
 6.37	42803.20
 6.38	42905.60
 6.38	43008.00
 6.38	43110.40
 6.39	43212.80
 6.40	43315.20
 6.40	43417.60
 6.40	43520.00
 6.41	43622.40
 6.42	43724.80
 6.42	43827.20
 6.43	43929.60
 6.43	44032.00
 6.43	44134.40
 6.44	44236.80
 6.44	44339.20
 6.45	44441.60
 6.45	44544.00
 6.46	44646.40
 6.47	44748.80
 6.47	44851.20
 6.48	44953.60
 6.48	45056.00
 6.49	45158.40
 6.49	45260.80
 6.50	45363.20
 6.51	45465.60
 6.52	45568.00
 6.53	45670.40
 6.53	45772.80
 6.54	45875.20
 6.55	45977.60
 6.55	46080.00
 6.56	46182.40
 6.56	46284.80
 6.57	46387.20
 6.57	46489.60
 6.59	46592.00
 6.59	46694.40
 6.60	46796.80
 6.61	46899.20
 6.61	47001.60
 6.61	47104.00
 6.62	47206.40
 6.62	47308.80
 6.63	47411.20
 6.64	47513.60
 6.64	47616.00
 6.65	47718.40
 6.65	47820.80
 6.66	47923.20
 6.66	48025.60
 6.67	48128.00
 6.67	48230.40
 6.68	48332.80
 6.69	48435.20
 6.69	48537.60
 6.69	48640.00
 6.70	48742.40
 6.70	48844.80
 6.71	48947.20
 6.72	49049.60
 6.72	49152.00
 6.72	49254.40
 6.74	49356.80
 6.75	49459.20
 6.75	49561.60
 6.75	49664.00
 6.76	49766.40
 6.76	49868.80
 6.77	49971.20
 6.77	50073.60
 6.78	50176.00
 6.78	50278.40
 6.79	50380.80
 6.80	50483.20
 6.80	50585.60
 6.81	50688.00
 6.81	50790.40
 6.82	50892.80
 6.82	50995.20
 6.83	51097.60
 6.83	51200.00
 6.84	51302.40
 6.84	51404.80
 6.84	51507.20
 6.85	51609.60
 6.85	51712.00
 6.86	51814.40
 6.86	51916.80
 6.87	52019.20
 6.87	52121.60
 6.87	52224.00
 6.88	52326.40
 6.88	52428.80
 6.89	52531.20
 6.89	52633.60
 6.89	52736.00
 6.90	52838.40
 6.90	52940.80
 6.91	53043.20
 6.91	53145.60
 6.92	53248.00
 6.92	53350.40
 6.92	53452.80
 6.93	53555.20
 6.94	53657.60
 6.94	53760.00
 6.96	53862.40
 6.96	53964.80
 6.96	54067.20
 6.97	54169.60
 6.98	54272.00
 6.98	54374.40
 6.99	54476.80
 6.99	54579.20
 6.99	54681.60
 7.00	54784.00
 7.00	54886.40
 7.01	54988.80
 7.01	55091.20
 7.02	55193.60
 7.02	55296.00
 7.02	55398.40
 7.03	55500.80
 7.03	55603.20
 7.04	55705.60
 7.04	55808.00
 7.04	55910.40
 7.05	56012.80
 7.07	56115.20
 7.07	56217.60
 7.07	56320.00
 7.08	56422.40
 7.08	56524.80
 7.09	56627.20
 7.10	56729.60
 7.10	56832.00
 7.11	56934.40
 7.11	57036.80
 7.12	57139.20
 7.12	57241.60
 7.13	57344.00
 7.13	57446.40
 7.13	57548.80
 7.14	57651.20
 7.15	57753.60
 7.15	57856.00
 7.16	57958.40
 7.16	58060.80
 7.16	58163.20
 7.17	58265.60
 7.17	58368.00
 7.18	58470.40
 7.19	58572.80
 7.19	58675.20
 7.19	58777.60
 7.20	58880.00
 7.20	58982.40
 7.21	59084.80
 7.21	59187.20
 7.22	59289.60
 7.23	59392.00
 7.23	59494.40
 7.24	59596.80
 7.24	59699.20
 7.24	59801.60
 7.25	59904.00
 7.25	60006.40
 7.26	60108.80
 7.26	60211.20
 7.26	60313.60
 7.27	60416.00
 7.28	60518.40
 7.28	60620.80
 7.29	60723.20
 7.29	60825.60
 7.29	60928.00
 7.30	61030.40
 7.31	61132.80
 7.32	61235.20
 7.33	61337.60
 7.33	61440.00
 7.34	61542.40
 7.34	61644.80
 7.35	61747.20
 7.35	61849.60
 7.36	61952.00
 7.37	62054.40
 7.37	62156.80
 7.38	62259.20
 7.38	62361.60
 7.39	62464.00
 7.40	62566.40
 7.47	62668.80
 7.61	62771.20
 7.64	62873.60
 7.64	62976.00
 7.65	63078.40
 7.66	63180.80
 7.67	63283.20
 7.68	63385.60
 7.69	63488.00
 7.69	63590.40
 7.70	63692.80
 7.71	63795.20
 7.72	63897.60
 7.72	64000.00
 7.72	64102.40
 7.73	64204.80
 7.74	64307.20
 7.74	64409.60
 7.76	64512.00
 7.79	64614.40
 7.80	64716.80
 7.80	64819.20
 7.81	64921.60
 7.81	65024.00
 7.82	65126.40
 7.82	65228.80
 7.84	65331.20
 7.85	65433.60
 7.85	65536.00
 7.86	65638.40
 7.86	65740.80
 7.88	65843.20
 7.88	65945.60
 7.89	66048.00
 7.90	66150.40
 7.90	66252.80
 7.91	66355.20
 7.92	66457.60
 7.92	66560.00
 7.93	66662.40
 7.93	66764.80
 7.94	66867.20
 7.95	66969.60
 7.96	67072.00
 7.97	67174.40
 7.98	67276.80
 7.98	67379.20
 7.99	67481.60
 7.99	67584.00
 8.00	67686.40
 8.01	67788.80
 8.02	67891.20
 8.02	67993.60
 8.03	68096.00
 8.03	68198.40
 8.04	68300.80
 8.05	68403.20
 8.07	68505.60
 8.09	68608.00
 8.10	68710.40
 8.10	68812.80
 8.11	68915.20
 8.12	69017.60
 8.12	69120.00
 8.13	69222.40
 8.13	69324.80
 8.13	69427.20
 8.14	69529.60
 8.15	69632.00
 8.15	69734.40
 8.16	69836.80
 8.16	69939.20
 8.17	70041.60
 8.17	70144.00
 8.18	70246.40
 8.18	70348.80
 8.19	70451.20
 8.19	70553.60
 8.20	70656.00
 8.20	70758.40
 8.21	70860.80
 8.21	70963.20
 8.22	71065.60
 8.22	71168.00
 8.22	71270.40
 8.23	71372.80
 8.23	71475.20
 8.24	71577.60
 8.25	71680.00
 8.25	71782.40
 8.25	71884.80
 8.26	71987.20
 8.27	72089.60
 8.27	72192.00
 8.28	72294.40
 8.28	72396.80
 8.29	72499.20
 8.29	72601.60
 8.30	72704.00
 8.30	72806.40
 8.31	72908.80
 8.31	73011.20
 8.32	73113.60
 8.32	73216.00
 8.33	73318.40
 8.33	73420.80
 8.34	73523.20
 8.34	73625.60
 8.35	73728.00
 8.35	73830.40
 8.35	73932.80
 8.37	74035.20
 8.37	74137.60
 8.38	74240.00
 8.39	74342.40
 8.40	74444.80
 8.41	74547.20
 8.42	74649.60
 8.42	74752.00
 8.43	74854.40
 8.43	74956.80
 8.44	75059.20
 8.44	75161.60
 8.45	75264.00
 8.45	75366.40
 8.46	75468.80
 8.46	75571.20
 8.46	75673.60
 8.47	75776.00
 8.47	75878.40
 8.48	75980.80
 8.48	76083.20
 8.49	76185.60
 8.49	76288.00
 8.50	76390.40
 8.50	76492.80
 8.50	76595.20
 8.51	76697.60
 8.51	76800.00
 8.52	76902.40
 8.52	77004.80
 8.53	77107.20
 8.54	77209.60
 8.54	77312.00
 8.55	77414.40
 8.56	77516.80
 8.56	77619.20
 8.57	77721.60
 8.57	77824.00
 8.57	77926.40
 8.58	78028.80
 8.58	78131.20
 8.59	78233.60
 8.59	78336.00
 8.60	78438.40
 8.60	78540.80
 8.60	78643.20
 8.61	78745.60
 8.61	78848.00
 8.62	78950.40
 8.62	79052.80
 8.63	79155.20
 8.63	79257.60
 8.64	79360.00
 8.64	79462.40
 8.65	79564.80
 8.66	79667.20
 8.66	79769.60
 8.67	79872.00
 8.67	79974.40
 8.67	80076.80
 8.68	80179.20
 8.68	80281.60
 8.69	80384.00
 8.70	80486.40
 8.70	80588.80
 8.71	80691.20
 8.72	80793.60
 8.72	80896.00
 8.73	80998.40
 8.73	81100.80
 8.74	81203.20
 8.74	81305.60
 8.75	81408.00
 8.75	81510.40
 8.76	81612.80
 8.76	81715.20
 8.77	81817.60
 8.77	81920.00
 8.77	82022.40
 8.78	82124.80
 8.79	82227.20
 8.79	82329.60
 8.79	82432.00
 8.80	82534.40
 8.80	82636.80
 8.81	82739.20
 8.82	82841.60
 8.82	82944.00
 8.82	83046.40
 8.83	83148.80
 8.83	83251.20
 8.84	83353.60
 8.84	83456.00
 8.85	83558.40
 8.86	83660.80
 8.87	83763.20
 8.87	83865.60
 8.87	83968.00
 8.88	84070.40
 8.88	84172.80
 8.89	84275.20
 8.89	84377.60
 8.89	84480.00
 8.90	84582.40
 8.90	84684.80
 8.91	84787.20
 8.91	84889.60
 8.92	84992.00
 8.92	85094.40
 8.93	85196.80
 8.93	85299.20
 8.94	85401.60
 8.94	85504.00
 8.95	85606.40
 8.95	85708.80
 8.96	85811.20
 8.96	85913.60
 8.96	86016.00
 8.97	86118.40
 8.98	86220.80
 8.98	86323.20
 8.99	86425.60
 8.99	86528.00
 8.99	86630.40
 9.00	86732.80
 9.00	86835.20
 9.01	86937.60
 9.01	87040.00
 9.02	87142.40
 9.02	87244.80
 9.03	87347.20
 9.03	87449.60
 9.03	87552.00
 9.04	87654.40
 9.04	87756.80
 9.05	87859.20
 9.05	87961.60
 9.06	88064.00
 9.06	88166.40
 9.06	88268.80
 9.07	88371.20
 9.08	88473.60
 9.08	88576.00
 9.09	88678.40
 9.09	88780.80
 9.10	88883.20
 9.10	88985.60
 9.10	89088.00
 9.11	89190.40
 9.12	89292.80
 9.12	89395.20
 9.13	89497.60
 9.13	89600.00
 9.13	89702.40
 9.14	89804.80
 9.14	89907.20
 9.15	90009.60
 9.15	90112.00
 9.16	90214.40
 9.16	90316.80
 9.16	90419.20
 9.17	90521.60
 9.18	90624.00
 9.18	90726.40
 9.19	90828.80
 9.20	90931.20
 9.20	91033.60
 9.20	91136.00
 9.21	91238.40
 9.21	91340.80
 9.22	91443.20
 9.22	91545.60
 9.23	91648.00
 9.23	91750.40
 9.24	91852.80
 9.24	91955.20
 9.25	92057.60
 9.25	92160.00
 9.26	92262.40
 9.27	92364.80
 9.27	92467.20
 9.28	92569.60
 9.28	92672.00
 9.29	92774.40
 9.29	92876.80
 9.29	92979.20
 9.30	93081.60
 9.30	93184.00
 9.31	93286.40
 9.31	93388.80
 9.32	93491.20
 9.33	93593.60
 9.33	93696.00
 9.34	93798.40
 9.34	93900.80
 9.34	94003.20
 9.35	94105.60
 9.35	94208.00
 9.36	94310.40
 9.36	94412.80
 9.37	94515.20
 9.37	94617.60
 9.37	94720.00
 9.38	94822.40
 9.38	94924.80
 9.39	95027.20
 9.39	95129.60
 9.40	95232.00
 9.40	95334.40
 9.41	95436.80
 9.42	95539.20
 9.42	95641.60
 9.42	95744.00
 9.43	95846.40
 9.43	95948.80
 9.44	96051.20
 9.44	96153.60
 9.45	96256.00
 9.46	96358.40
 9.46	96460.80
 9.46	96563.20
 9.47	96665.60
 9.47	96768.00
 9.48	96870.40
 9.48	96972.80
 9.49	97075.20
 9.50	97177.60
 9.50	97280.00
 9.50	97382.40
 9.51	97484.80
 9.51	97587.20
 9.52	97689.60
 9.52	97792.00
 9.53	97894.40
 9.53	97996.80
 9.54	98099.20
 9.54	98201.60
 9.55	98304.00
 9.57	98406.40
 9.57	98508.80
 9.58	98611.20
 9.58	98713.60
 9.59	98816.00
 9.59	98918.40
 9.60	99020.80
 9.60	99123.20
 9.61	99225.60
 9.61	99328.00
 9.62	99430.40
 9.62	99532.80
 9.63	99635.20
 9.64	99737.60
 9.64	99840.00
 9.64	99942.40
 9.65	100044.80
 9.66	100147.20
 9.66	100249.60
 9.66	100352.00
 9.67	100454.40
 9.67	100556.80
 9.68	100659.20
 9.68	100761.60
 9.69	100864.00
 9.69	100966.40
 9.69	101068.80
 9.70	101171.20
 9.70	101273.60
 9.71	101376.00
 9.72	101478.40
 9.72	101580.80
 9.73	101683.20
 9.74	101785.60
 9.74	101888.00
 9.75	101990.40
 9.76	102092.80
 9.76	102195.20
 9.77	102297.60
 9.78	102400.00
 9.78	102502.40
 9.79	102604.80
 9.80	102707.20
 9.80	102809.60
 9.81	102912.00
 9.81	103014.40
 9.81	103116.80
 9.83	103219.20
 9.83	103321.60
 9.83	103424.00
 9.84	103526.40
 9.84	103628.80
 9.85	103731.20
 9.85	103833.60
 9.86	103936.00
 9.86	104038.40
 9.87	104140.80
 9.87	104243.20
 9.88	104345.60
 9.88	104448.00
 9.89	104550.40
 9.89	104652.80
 9.89	104755.20
 9.90	104857.60
 9.90	104960.00
 9.91	105062.40
 9.91	105164.80
 9.92	105267.20
 9.92	105369.60
 9.93	105472.00
 9.93	105574.40
 9.93	105676.80
 9.94	105779.20
 9.95	105881.60
 9.95	105984.00
 9.96	106086.40
 9.96	106188.80
 9.97	106291.20
 9.97	106393.60
 9.98	106496.00
 9.98	106598.40
 9.99	106700.80
 9.99	106803.20
 9.99	106905.60
 10.01	107008.00
 10.01	107110.40
 10.02	107212.80
 10.02	107315.20
 10.03	107417.60
 10.03	107520.00
 10.04	107622.40
 10.04	107724.80
 10.04	107827.20
 10.05	107929.60
 10.05	108032.00
 10.06	108134.40
 10.06	108236.80
 10.07	108339.20
 10.07	108441.60
 10.08	108544.00
 10.08	108646.40
 10.09	108748.80
 10.09	108851.20
 10.09	108953.60
 10.10	109056.00
 10.11	109158.40
 10.11	109260.80
 10.12	109363.20
 10.12	109465.60
 10.13	109568.00
 10.13	109670.40
 10.14	109772.80
 10.14	109875.20
 10.15	109977.60
 10.15	110080.00
 10.15	110182.40
 10.16	110284.80
 10.16	110387.20
 10.17	110489.60
 10.17	110592.00
 10.17	110694.40
 10.18	110796.80
 10.18	110899.20
 10.19	111001.60
 10.19	111104.00
 10.20	111206.40
 10.20	111308.80
 10.21	111411.20
 10.22	111513.60
 10.23	111616.00
 10.23	111718.40
 10.24	111820.80
 10.25	111923.20
 10.25	112025.60
 10.27	112128.00
 10.27	112230.40
 10.28	112332.80
 10.28	112435.20
 10.29	112537.60
 10.29	112640.00
 10.30	112742.40
 10.30	112844.80
 10.31	112947.20
 10.31	113049.60
 10.33	113152.00
 10.33	113254.40
 10.34	113356.80
 10.34	113459.20
 10.34	113561.60
 10.35	113664.00
 10.35	113766.40
 10.36	113868.80
 10.36	113971.20
 10.37	114073.60
 10.37	114176.00
 10.38	114278.40
 10.38	114380.80
 10.39	114483.20
 10.39	114585.60
 10.40	114688.00
 10.41	114790.40
 10.41	114892.80
 10.42	114995.20
 10.42	115097.60
 10.43	115200.00
 10.43	115302.40
 10.43	115404.80
 10.44	115507.20
 10.45	115609.60
 10.45	115712.00
 10.46	115814.40
 10.46	115916.80
 10.47	116019.20
 10.48	116121.60
 10.48	116224.00
 10.49	116326.40
 10.49	116428.80
 10.49	116531.20
 10.50	116633.60
 10.51	116736.00
 10.52	116838.40
 10.53	116940.80
 10.53	117043.20
 10.54	117145.60
 10.54	117248.00
 10.54	117350.40
 10.55	117452.80
 10.56	117555.20
 10.56	117657.60
 10.57	117760.00
 10.58	117862.40
 10.59	117964.80
 10.59	118067.20
 10.60	118169.60
 10.60	118272.00
 10.61	118374.40
 10.61	118476.80
 10.61	118579.20
 10.62	118681.60
 10.62	118784.00
 10.63	118886.40
 10.64	118988.80
 10.65	119091.20
 10.65	119193.60
 10.66	119296.00
 10.66	119398.40
 10.67	119500.80
 10.67	119603.20
 10.68	119705.60
 10.68	119808.00
 10.68	119910.40
 10.69	120012.80
 10.69	120115.20
 10.70	120217.60
 10.70	120320.00
 10.71	120422.40
 10.71	120524.80
 10.71	120627.20
 10.72	120729.60
 10.72	120832.00
 10.73	120934.40
 10.73	121036.80
 10.74	121139.20
 10.75	121241.60
 10.75	121344.00
 10.76	121446.40
 10.76	121548.80
 10.77	121651.20
 10.78	121753.60
 10.78	121856.00
 10.79	121958.40
 10.79	122060.80
 10.79	122163.20
 10.80	122265.60
 10.81	122368.00
 10.81	122470.40
 10.81	122572.80
 10.82	122675.20
 10.82	122777.60
 10.83	122880.00
 10.84	122982.40
 10.84	123084.80
 10.85	123187.20
 10.85	123289.60
 10.85	123392.00
 10.86	123494.40
 10.88	123596.80
 10.88	123699.20
 10.88	123801.60
 10.89	123904.00
 10.90	124006.40
 10.90	124108.80
 10.91	124211.20
 10.92	124313.60
 10.92	124416.00
 10.93	124518.40
 10.93	124620.80
 10.94	124723.20
 10.94	124825.60
 10.95	124928.00
 10.95	125030.40
 10.96	125132.80
 10.96	125235.20
 10.97	125337.60
 10.97	125440.00
 10.97	125542.40
 10.98	125644.80
 10.98	125747.20
 10.99	125849.60
 10.99	125952.00
 11.00	126054.40
 11.00	126156.80
 11.00	126259.20
 11.01	126361.60
 11.01	126464.00
 11.02	126566.40
 11.02	126668.80
 11.03	126771.20
 11.03	126873.60
 11.03	126976.00
 11.04	127078.40
 11.04	127180.80
 11.05	127283.20
 11.05	127385.60
 11.06	127488.00
 11.06	127590.40
 11.06	127692.80
 11.07	127795.20
 11.08	127897.60
 11.08	128000.00
 11.09	128102.40
 11.09	128204.80
 11.11	128307.20
 11.11	128409.60
 11.12	128512.00
 11.12	128614.40
 11.13	128716.80
 11.13	128819.20
 11.14	128921.60
 11.14	129024.00
 11.15	129126.40
 11.15	129228.80
 11.15	129331.20
 11.16	129433.60
 11.16	129536.00
 11.17	129638.40
 11.17	129740.80
 11.18	129843.20
 11.18	129945.60
 11.19	130048.00
 11.19	130150.40
 11.20	130252.80
 11.20	130355.20
 11.20	130457.60
 11.21	130560.00
 11.22	130662.40
 11.23	130764.80
 11.23	130867.20
 11.24	130969.60
 11.24	131072.00
 11.24	131174.40
 11.25	131276.80
 11.25	131379.20
 11.26	131481.60
 11.26	131584.00
 11.27	131686.40
 11.27	131788.80
 11.27	131891.20
 11.28	131993.60
 11.28	132096.00
 11.29	132198.40
 11.29	132300.80
 11.31	132403.20
 11.32	132505.60
 11.32	132608.00
 11.33	132710.40
 11.33	132812.80
 11.34	132915.20
 11.34	133017.60
 11.35	133120.00
 11.35	133222.40
 11.36	133324.80
 11.36	133427.20
 11.36	133529.60
 11.37	133632.00
 11.37	133734.40
 11.38	133836.80
 11.38	133939.20
 11.38	134041.60
 11.39	134144.00
 11.40	134246.40
 11.40	134348.80
 11.41	134451.20
 11.41	134553.60
 11.41	134656.00
 11.42	134758.40
 11.43	134860.80
 11.43	134963.20
 11.45	135065.60
 11.45	135168.00
 11.46	135270.40
 11.46	135372.80
 11.46	135475.20
 11.47	135577.60
 11.48	135680.00
 11.48	135782.40
 11.49	135884.80
 11.49	135987.20
 11.49	136089.60
 11.50	136192.00
 11.50	136294.40
 11.51	136396.80
 11.51	136499.20
 11.52	136601.60
 11.53	136704.00
 11.54	136806.40
 11.55	136908.80
 11.55	137011.20
 11.56	137113.60
 11.57	137216.00
 11.57	137318.40
 11.57	137420.80
 11.58	137523.20
 11.59	137625.60
 11.59	137728.00
 11.60	137830.40
 11.60	137932.80
 11.60	138035.20
 11.61	138137.60
 11.62	138240.00
 11.62	138342.40
 11.63	138444.80
 11.63	138547.20
 11.64	138649.60
 11.64	138752.00
 11.64	138854.40
 11.65	138956.80
 11.65	139059.20
 11.66	139161.60
 11.66	139264.00
 11.67	139366.40
 11.67	139468.80
 11.67	139571.20
 11.68	139673.60
 11.68	139776.00
 11.69	139878.40
 11.69	139980.80
 11.70	140083.20
 11.70	140185.60
 11.71	140288.00
 11.71	140390.40
 11.72	140492.80
 11.73	140595.20
 11.73	140697.60
 11.73	140800.00
 11.74	140902.40
 11.74	141004.80
 11.75	141107.20
 11.75	141209.60
 11.75	141312.00
 11.76	141414.40
 11.76	141516.80
 11.77	141619.20
 11.77	141721.60
 11.78	141824.00
 11.78	141926.40
 11.79	142028.80
 11.80	142131.20
 11.81	142233.60
 11.81	142336.00
 11.81	142438.40
 11.82	142540.80
 11.83	142643.20
 11.83	142745.60
 11.83	142848.00
 11.84	142950.40
 11.85	143052.80
 11.85	143155.20
 11.86	143257.60
 11.86	143360.00
 11.86	143462.40
 11.87	143564.80
 11.88	143667.20
 11.89	143769.60
 11.89	143872.00
 11.90	143974.40
 11.90	144076.80
 11.90	144179.20
 11.91	144281.60
 11.91	144384.00
 11.92	144486.40
 11.92	144588.80
 11.93	144691.20
 11.93	144793.60
 11.93	144896.00
 11.94	144998.40
 11.94	145100.80
 11.95	145203.20
 11.95	145305.60
 11.96	145408.00
 11.96	145510.40
 11.96	145612.80
 11.97	145715.20
 11.97	145817.60
 11.98	145920.00
 11.98	146022.40
 11.98	146124.80
 11.99	146227.20
 11.99	146329.60
 12.00	146432.00
 12.00	146534.40
 12.01	146636.80
 12.01	146739.20
 12.02	146841.60
 12.02	146944.00
 12.03	147046.40
 12.04	147148.80
 12.04	147251.20
 12.06	147353.60
 12.06	147456.00
 12.07	147558.40
 12.08	147660.80
 12.08	147763.20
 12.09	147865.60
 12.09	147968.00
 12.09	148070.40
 12.10	148172.80
 12.11	148275.20
 12.12	148377.60
 12.13	148480.00
 12.13	148582.40
 12.14	148684.80
 12.15	148787.20
 12.15	148889.60
 12.16	148992.00
 12.17	149094.40
 12.18	149196.80
 12.19	149299.20
 12.20	149401.60
 12.21	149504.00
 12.21	149606.40
 12.22	149708.80
 12.22	149811.20
 12.23	149913.60
 12.23	150016.00
 12.24	150118.40
 12.24	150220.80
 12.25	150323.20
 12.25	150425.60
 12.26	150528.00
 12.27	150630.40
 12.27	150732.80
 12.28	150835.20
 12.29	150937.60
 12.29	151040.00
 12.31	151142.40
 12.31	151244.80
 12.31	151347.20
 12.32	151449.60
 12.32	151552.00
 12.33	151654.40
 12.33	151756.80
 12.34	151859.20
 12.34	151961.60
 12.35	152064.00
 12.36	152166.40
 12.36	152268.80
 12.37	152371.20
 12.37	152473.60
 12.38	152576.00
 12.38	152678.40
 12.39	152780.80
 12.39	152883.20
 12.40	152985.60
 12.41	153088.00
 12.41	153190.40
 12.42	153292.80
 12.43	153395.20
 12.43	153497.60
 12.43	153600.00
 12.44	153702.40
 12.44	153804.80
 12.45	153907.20
 12.45	154009.60
 12.46	154112.00
 12.46	154214.40
 12.46	154316.80
 12.47	154419.20
 12.47	154521.60
 12.48	154624.00
 12.48	154726.40
 12.49	154828.80
 12.49	154931.20
 12.49	155033.60
 12.50	155136.00
 12.50	155238.40
 12.51	155340.80
 12.51	155443.20
 12.52	155545.60
 12.52	155648.00
 12.53	155750.40
 12.53	155852.80
 12.54	155955.20
 12.54	156057.60
 12.55	156160.00
 12.55	156262.40
 12.55	156364.80
 12.56	156467.20
 12.56	156569.60
 12.57	156672.00
 12.57	156774.40
 12.58	156876.80
 12.58	156979.20
 12.58	157081.60
 12.59	157184.00
 12.60	157286.40
 12.61	157388.80
 12.61	157491.20
 12.62	157593.60
 12.63	157696.00
 12.63	157798.40
 12.64	157900.80
 12.64	158003.20
 12.65	158105.60
 12.66	158208.00
 12.66	158310.40
 12.67	158412.80
 12.68	158515.20
 12.68	158617.60
 12.69	158720.00
 12.69	158822.40
 12.70	158924.80
 12.71	159027.20
 12.71	159129.60
 12.72	159232.00
 12.72	159334.40
 12.72	159436.80
 12.73	159539.20
 12.74	159641.60
 12.74	159744.00
 12.75	159846.40
 12.75	159948.80
 12.76	160051.20
 12.76	160153.60
 12.77	160256.00
 12.77	160358.40
 12.78	160460.80
 12.79	160563.20
 12.79	160665.60
 12.80	160768.00
 12.80	160870.40
 12.81	160972.80
 12.81	161075.20
 12.82	161177.60
 12.82	161280.00
 12.93	161382.40
 12.94	161484.80
 12.97	161587.20
 13.00	161689.60
 13.01	161792.00
 13.02	161894.40
 13.02	161996.80
 13.04	162099.20
 13.04	162201.60
 13.05	162304.00
 13.07	162406.40
 13.09	162508.80
 13.10	162611.20
 13.13	162713.60
 13.15	162816.00
 13.16	162918.40
 13.17	163020.80
 13.18	163123.20
 13.18	163225.60
 13.19	163328.00
 13.19	163430.40
 13.20	163532.80
 13.20	163635.20
 13.21	163737.60
 13.21	163840.00
 13.21	163942.40
 13.22	164044.80
 13.22	164147.20
 13.23	164249.60
 13.23	164352.00
 13.24	164454.40
 13.24	164556.80
 13.25	164659.20
 13.25	164761.60
 13.26	164864.00
 13.26	164966.40
 13.26	165068.80
 13.27	165171.20
 13.28	165273.60
 13.29	165376.00
 13.29	165478.40
 13.30	165580.80
 13.31	165683.20
 13.32	165785.60
 13.32	165888.00
 13.34	165990.40
 13.34	166092.80
 13.35	166195.20
 13.35	166297.60
 13.36	166400.00
 13.36	166502.40
 13.37	166604.80
 13.39	166707.20
 13.40	166809.60
 13.41	166912.00
 13.41	167014.40
 13.41	167116.80
 13.42	167219.20
 13.42	167321.60
 13.43	167424.00
 13.44	167526.40
 13.44	167628.80
 13.45	167731.20
 13.46	167833.60
 13.46	167936.00
 13.46	168038.40
 13.47	168140.80
 13.48	168243.20
 13.49	168345.60
 13.49	168448.00
 13.51	168550.40
 13.52	168652.80
 13.52	168755.20
 13.52	168857.60
 13.53	168960.00
 13.53	169062.40
 13.54	169164.80
 13.54	169267.20
 13.57	169369.60
 13.57	169472.00
 13.58	169574.40
 13.58	169676.80
 13.59	169779.20
 13.59	169881.60
 13.59	169984.00
 13.60	170086.40
 13.61	170188.80
 13.63	170291.20
 13.64	170393.60
 13.65	170496.00
 13.66	170598.40
 13.66	170700.80
 13.67	170803.20
 13.67	170905.60
 13.68	171008.00
 13.68	171110.40
 13.69	171212.80
 13.72	171315.20
 13.72	171417.60
 13.73	171520.00
 13.73	171622.40
 13.74	171724.80
 13.74	171827.20
 13.75	171929.60
 13.75	172032.00
 13.76	172134.40
 13.76	172236.80
 13.77	172339.20
 13.77	172441.60
 13.79	172544.00
 13.79	172646.40
 13.79	172748.80
 13.80	172851.20
 13.80	172953.60
 13.81	173056.00
 13.82	173158.40
 13.82	173260.80
 13.82	173363.20
 13.83	173465.60
 13.84	173568.00
 13.86	173670.40
 13.86	173772.80
 13.87	173875.20
 13.88	173977.60
 13.89	174080.00
 13.89	174182.40
 13.90	174284.80
 13.90	174387.20
 13.91	174489.60
 13.92	174592.00
 13.94	174694.40
 13.94	174796.80
 13.94	174899.20
 13.95	175001.60
 13.97	175104.00
 13.97	175206.40
 13.98	175308.80
 13.99	175411.20
 13.99	175513.60
 14.00	175616.00
 14.01	175718.40
 14.02	175820.80
 14.03	175923.20
 14.03	176025.60
 14.04	176128.00
 14.04	176230.40
 14.05	176332.80
 14.06	176435.20
 14.06	176537.60
 14.07	176640.00
 14.08	176742.40
 14.09	176844.80
 14.10	176947.20
 14.10	177049.60
 14.11	177152.00
 14.12	177254.40
 14.12	177356.80
 14.13	177459.20
 14.13	177561.60
 14.14	177664.00
 14.15	177766.40
 14.15	177868.80
 14.16	177971.20
 14.16	178073.60
 14.17	178176.00
 14.17	178278.40
 14.18	178380.80
 14.19	178483.20
 14.19	178585.60
 14.20	178688.00
 14.20	178790.40
 14.21	178892.80
 14.21	178995.20
 14.22	179097.60
 14.22	179200.00
 14.23	179302.40
 14.24	179404.80
 14.24	179507.20
 14.24	179609.60
 14.25	179712.00
 14.25	179814.40
 14.27	179916.80
 14.27	180019.20
 14.27	180121.60
 14.29	180224.00
 14.29	180326.40
 14.30	180428.80
 14.30	180531.20
 14.32	180633.60
 14.32	180736.00
 14.33	180838.40
 14.34	180940.80
 14.35	181043.20
 14.35	181145.60
 14.36	181248.00
 14.36	181350.40
 14.38	181452.80
 14.38	181555.20
 14.39	181657.60
 14.39	181760.00
 14.40	181862.40
 14.41	181964.80
 14.42	182067.20
 14.44	182169.60
 14.45	182272.00
 14.46	182374.40
 14.46	182476.80
 14.47	182579.20
 14.48	182681.60
 14.49	182784.00
 14.50	182886.40
 14.52	182988.80
 14.52	183091.20
 14.53	183193.60
 14.53	183296.00
 14.54	183398.40
 14.56	183500.80
 14.57	183603.20
 14.59	183705.60
 14.60	183808.00
 14.61	183910.40
 14.61	184012.80
 14.63	184115.20
 14.64	184217.60
 14.64	184320.00
 14.64	184422.40
 14.65	184524.80
 14.66	184627.20
 14.66	184729.60
 14.67	184832.00
 14.69	184934.40
 14.70	185036.80
 14.71	185139.20
 14.71	185241.60
 14.72	185344.00
 14.73	185446.40
 14.73	185548.80
 14.74	185651.20
 14.75	185753.60
 14.75	185856.00
 14.76	185958.40
 14.77	186060.80
 14.77	186163.20
 14.78	186265.60
 14.79	186368.00
 14.79	186470.40
 14.81	186572.80
 14.81	186675.20
 14.83	186777.60
 14.84	186880.00
 14.86	186982.40
 14.86	187084.80
 14.87	187187.20
 14.88	187289.60
 14.89	187392.00
 14.89	187494.40
 14.90	187596.80
 14.91	187699.20
 14.91	187801.60
 14.91	187904.00
 14.92	188006.40
 14.92	188108.80
 14.93	188211.20
 14.93	188313.60
 14.94	188416.00
 14.94	188518.40
 14.95	188620.80
 14.96	188723.20
 14.96	188825.60
 14.97	188928.00
 14.97	189030.40
 14.97	189132.80
 14.99	189235.20
 14.99	189337.60
 15.01	189440.00
 15.01	189542.40
 15.02	189644.80
 15.02	189747.20
 15.02	189849.60
 15.04	189952.00
 15.05	190054.40
 15.05	190156.80
 15.07	190259.20
 15.08	190361.60
 15.09	190464.00
 15.09	190566.40
 15.10	190668.80
 15.11	190771.20
 15.12	190873.60
 15.13	190976.00
 15.13	191078.40
 15.14	191180.80
 15.14	191283.20
 15.15	191385.60
 15.15	191488.00
 15.15	191590.40
 15.16	191692.80
 15.17	191795.20
 15.18	191897.60
 15.18	192000.00
 15.18	192102.40
 15.19	192204.80
 15.20	192307.20
 15.20	192409.60
 15.21	192512.00
 15.21	192614.40
 15.22	192716.80
 15.22	192819.20
 15.23	192921.60
 15.25	193024.00
 15.25	193126.40
 15.25	193228.80
 15.26	193331.20
 15.27	193433.60
 15.27	193536.00
 15.27	193638.40
 15.28	193740.80
 15.28	193843.20
 15.29	193945.60
 15.29	194048.00
 15.30	194150.40
 15.30	194252.80
 15.31	194355.20
 15.31	194457.60
 15.32	194560.00
 15.32	194662.40
 15.32	194764.80
 15.34	194867.20
 15.34	194969.60
 15.34	195072.00
 15.35	195174.40
 15.36	195276.80
 15.36	195379.20
 15.37	195481.60
 15.38	195584.00
 15.39	195686.40
 15.40	195788.80
 15.40	195891.20
 15.41	195993.60
 15.42	196096.00
 15.42	196198.40
 15.42	196300.80
 15.44	196403.20
 15.44	196505.60
 15.45	196608.00
 15.46	196710.40
 15.47	196812.80
 15.47	196915.20
 15.48	197017.60
 15.49	197120.00
 15.50	197222.40
 15.51	197324.80
 15.51	197427.20
 15.52	197529.60
 15.52	197632.00
 15.53	197734.40
 15.54	197836.80
 15.55	197939.20
 15.56	198041.60
 15.56	198144.00
 15.58	198246.40
 15.59	198348.80
 15.59	198451.20
 15.59	198553.60
 15.60	198656.00
 15.61	198758.40
 15.61	198860.80
 15.61	198963.20
 15.62	199065.60
 15.63	199168.00
 15.63	199270.40
 15.64	199372.80
 15.64	199475.20
 15.65	199577.60
 15.65	199680.00
 15.66	199782.40
 15.67	199884.80
 15.67	199987.20
 15.69	200089.60
 15.69	200192.00
 15.70	200294.40
 15.73	200396.80
 15.73	200499.20
 15.75	200601.60
 15.76	200704.00
 15.77	200806.40
 15.78	200908.80
 15.78	201011.20
 15.78	201113.60
 15.79	201216.00
 15.80	201318.40
 15.80	201420.80
 15.81	201523.20
 15.82	201625.60
 15.82	201728.00
 15.83	201830.40
 15.84	201932.80
 15.84	202035.20
 15.85	202137.60
 15.85	202240.00
 15.86	202342.40
 15.86	202444.80
 15.87	202547.20
 15.87	202649.60
 15.88	202752.00
 15.88	202854.40
 15.89	202956.80
 15.90	203059.20
 15.90	203161.60
 15.91	203264.00
 15.93	203366.40
 15.94	203468.80
 15.94	203571.20
 15.94	203673.60
 15.95	203776.00
 15.95	203878.40
 15.96	203980.80
 15.97	204083.20
 15.97	204185.60
 15.98	204288.00
 15.98	204390.40
 15.99	204492.80
 16.00	204595.20
 16.00	204697.60
 16.01	204800.00
 16.01	204902.40
 16.03	205004.80
 16.03	205107.20
 16.04	205209.60
 16.05	205312.00
 16.06	205414.40
 16.06	205516.80
 16.07	205619.20
 16.07	205721.60
 16.07	205824.00
 16.08	205926.40
 16.08	206028.80
 16.09	206131.20
 16.09	206233.60
 16.09	206336.00
 16.10	206438.40
 16.11	206540.80
 16.11	206643.20
 16.11	206745.60
 16.12	206848.00
 16.12	206950.40
 16.14	207052.80
 16.14	207155.20
 16.17	207257.60
 16.17	207360.00
 16.18	207462.40
 16.18	207564.80
 16.19	207667.20
 16.19	207769.60
 16.20	207872.00
 16.21	207974.40
 16.21	208076.80
 16.22	208179.20
 16.22	208281.60
 16.23	208384.00
 16.24	208486.40
 16.25	208588.80
 16.26	208691.20
 16.26	208793.60
 16.27	208896.00
 16.28	208998.40
 16.29	209100.80
 16.29	209203.20
 16.30	209305.60
 16.31	209408.00
 16.32	209510.40
 16.32	209612.80
 16.33	209715.20
 16.34	209817.60
 16.34	209920.00
 16.35	210022.40
 16.37	210124.80
 16.38	210227.20
 16.38	210329.60
 16.39	210432.00
 16.40	210534.40
 16.40	210636.80
 16.41	210739.20
 16.42	210841.60
 16.42	210944.00
 16.43	211046.40
 16.43	211148.80
 16.44	211251.20
 16.44	211353.60
 16.45	211456.00
 16.46	211558.40
 16.47	211660.80
 16.47	211763.20
 16.48	211865.60
 16.48	211968.00
 16.49	212070.40
 16.49	212172.80
 16.50	212275.20
 16.50	212377.60
 16.51	212480.00
 16.52	212582.40
 16.53	212684.80
 16.53	212787.20
 16.54	212889.60
 16.55	212992.00
 16.56	213094.40
 16.56	213196.80
 16.57	213299.20
 16.58	213401.60
 16.60	213504.00
 16.60	213606.40
 16.61	213708.80
 16.62	213811.20
 16.62	213913.60
 16.63	214016.00
 16.64	214118.40
 16.64	214220.80
 16.65	214323.20
 16.65	214425.60
 16.66	214528.00
 16.67	214630.40
 16.67	214732.80
 16.68	214835.20
 16.69	214937.60
 16.70	215040.00
 16.70	215142.40
 16.71	215244.80
 16.71	215347.20
 16.72	215449.60
 16.73	215552.00
 16.73	215654.40
 16.74	215756.80
 16.75	215859.20
 16.75	215961.60
 16.75	216064.00
 16.76	216166.40
 16.76	216268.80
 16.78	216371.20
 16.78	216473.60
 16.78	216576.00
 16.79	216678.40
 16.79	216780.80
 16.80	216883.20
 16.80	216985.60
 16.81	217088.00
 16.82	217190.40
 16.83	217292.80
 16.83	217395.20
 16.83	217497.60
 16.84	217600.00
 16.84	217702.40
 16.85	217804.80
 16.86	217907.20
 16.86	218009.60
 16.87	218112.00
 16.87	218214.40
 16.88	218316.80
 16.88	218419.20
 16.88	218521.60
 16.90	218624.00
 16.91	218726.40
 16.91	218828.80
 16.92	218931.20
 16.92	219033.60
 16.93	219136.00
 16.94	219238.40
 16.94	219340.80
 16.95	219443.20
 16.97	219545.60
 16.97	219648.00
 16.97	219750.40
 16.98	219852.80
 16.99	219955.20
 16.99	220057.60
 17.00	220160.00
 17.00	220262.40
 17.01	220364.80
 17.01	220467.20
 17.02	220569.60
 17.03	220672.00
 17.03	220774.40
 17.03	220876.80
 17.04	220979.20
 17.07	221081.60
 17.07	221184.00
 17.08	221286.40
 17.09	221388.80
 17.09	221491.20
 17.10	221593.60
 17.11	221696.00
 17.11	221798.40
 17.11	221900.80
 17.12	222003.20
 17.13	222105.60
 17.13	222208.00
 17.14	222310.40
 17.15	222412.80
 17.15	222515.20
 17.16	222617.60
 17.17	222720.00
 17.17	222822.40
 17.18	222924.80
 17.19	223027.20
 17.19	223129.60
 17.19	223232.00
 17.20	223334.40
 17.20	223436.80
 17.21	223539.20
 17.22	223641.60
 17.22	223744.00
 17.22	223846.40
 17.23	223948.80
 17.24	224051.20
 17.25	224153.60
 17.25	224256.00
 17.26	224358.40
 17.27	224460.80
 17.27	224563.20
 17.27	224665.60
 17.29	224768.00
 17.30	224870.40
 17.30	224972.80
 17.32	225075.20
 17.33	225177.60
 17.33	225280.00
 17.34	225382.40
 17.35	225484.80
 17.35	225587.20
 17.36	225689.60
 17.37	225792.00
 17.37	225894.40
 17.39	225996.80
 17.39	226099.20
 17.41	226201.60
 17.42	226304.00
 17.44	226406.40
 17.44	226508.80
 17.44	226611.20
 17.45	226713.60
 17.46	226816.00
 17.47	226918.40
 17.47	227020.80
 17.48	227123.20
 17.49	227225.60
 17.49	227328.00
 17.50	227430.40
 17.51	227532.80
 17.51	227635.20
 17.52	227737.60
 17.52	227840.00
 17.53	227942.40
 17.53	228044.80
 17.54	228147.20
 17.55	228249.60
 17.56	228352.00
 17.56	228454.40
 17.57	228556.80
 17.57	228659.20
 17.57	228761.60
 17.58	228864.00
 17.59	228966.40
 17.60	229068.80
 17.60	229171.20
 17.60	229273.60
 17.61	229376.00
 17.61	229478.40
 17.62	229580.80
 17.63	229683.20
 17.64	229785.60
 17.65	229888.00
 17.65	229990.40
 17.65	230092.80
 17.66	230195.20
 17.67	230297.60
 17.67	230400.00
 17.68	230502.40
 17.68	230604.80
 17.69	230707.20
 17.69	230809.60
 17.71	230912.00
 17.71	231014.40
 17.72	231116.80
 17.72	231219.20
 17.74	231321.60
 17.75	231424.00
 17.75	231526.40
 17.76	231628.80
 17.77	231731.20
 17.78	231833.60
 17.78	231936.00
 17.78	232038.40
 17.79	232140.80
 17.80	232243.20
 17.81	232345.60
 17.81	232448.00
 17.81	232550.40
 17.83	232652.80
 17.83	232755.20
 17.83	232857.60
 17.84	232960.00
 17.85	233062.40
 17.85	233164.80
 17.86	233267.20
 17.86	233369.60
 17.88	233472.00
 17.89	233574.40
 17.89	233676.80
 17.91	233779.20
 17.93	233881.60
 17.93	233984.00
 17.94	234086.40
 17.94	234188.80
 17.95	234291.20
 17.96	234393.60
 17.96	234496.00
 17.96	234598.40
 17.97	234700.80
 17.98	234803.20
 17.98	234905.60
 17.99	235008.00
 17.99	235110.40
 17.99	235212.80
 18.01	235315.20
 18.02	235417.60
 18.03	235520.00
 18.03	235622.40
 18.04	235724.80
 18.04	235827.20
 18.05	235929.60
 18.05	236032.00
 18.06	236134.40
 18.07	236236.80
 18.07	236339.20
 18.09	236441.60
 18.09	236544.00
 18.10	236646.40
 18.10	236748.80
 18.12	236851.20
 18.12	236953.60
 18.13	237056.00
 18.13	237158.40
 18.14	237260.80
 18.15	237363.20
 18.16	237465.60
 18.16	237568.00
 18.17	237670.40
 18.18	237772.80
 18.19	237875.20
 18.19	237977.60
 18.19	238080.00
 18.20	238182.40
 18.20	238284.80
 18.21	238387.20
 18.22	238489.60
 18.23	238592.00
 18.24	238694.40
 18.25	238796.80
 18.25	238899.20
 18.26	239001.60
 18.27	239104.00
 18.28	239206.40
 18.28	239308.80
 18.28	239411.20
 18.29	239513.60
 18.30	239616.00
 18.31	239718.40
 18.32	239820.80
 18.32	239923.20
 18.32	240025.60
 18.33	240128.00
 18.34	240230.40
 18.35	240332.80
 18.35	240435.20
 18.35	240537.60
 18.36	240640.00
 18.36	240742.40
 18.37	240844.80
 18.38	240947.20
 18.38	241049.60
 18.39	241152.00
 18.41	241254.40
 18.41	241356.80
 18.41	241459.20
 18.42	241561.60
 18.43	241664.00
 18.44	241766.40
 18.45	241868.80
 18.46	241971.20
 18.46	242073.60
 18.47	242176.00
 18.47	242278.40
 18.48	242380.80
 18.49	242483.20
 18.49	242585.60
 18.50	242688.00
 18.51	242790.40
 18.51	242892.80
 18.52	242995.20
 18.52	243097.60
 18.53	243200.00
 18.54	243302.40
 18.55	243404.80
 18.55	243507.20
 18.55	243609.60
 18.57	243712.00
 18.58	243814.40
 18.58	243916.80
 18.59	244019.20
 18.60	244121.60
 18.61	244224.00
 18.62	244326.40
 18.62	244428.80
 18.63	244531.20
 18.65	244633.60
 18.68	244736.00
 18.68	244838.40
 18.69	244940.80
 18.70	245043.20
 18.70	245145.60
 18.71	245248.00
 18.73	245350.40
 18.73	245452.80
 18.73	245555.20
 18.74	245657.60
 18.74	245760.00
 18.76	245862.40
 18.76	245964.80
 18.77	246067.20
 18.78	246169.60
 18.79	246272.00
 18.80	246374.40
 18.81	246476.80
 18.81	246579.20
 18.82	246681.60
 18.82	246784.00
 18.83	246886.40
 18.84	246988.80
 18.85	247091.20
 18.85	247193.60
 18.85	247296.00
 18.86	247398.40
 18.86	247500.80
 18.87	247603.20
 18.87	247705.60
 18.88	247808.00
 18.88	247910.40
 18.89	248012.80
 18.91	248115.20
 18.91	248217.60
 18.92	248320.00
 18.93	248422.40
 18.93	248524.80
 18.94	248627.20
 18.94	248729.60
 18.94	248832.00
 18.95	248934.40
 18.95	249036.80
 18.96	249139.20
 18.96	249241.60
 18.97	249344.00
 19.00	249446.40
 19.01	249548.80
 19.01	249651.20
 19.03	249753.60
 19.03	249856.00
 19.04	249958.40
 19.04	250060.80
 19.05	250163.20
 19.05	250265.60
 19.05	250368.00
 19.06	250470.40
 19.07	250572.80
 19.07	250675.20
 19.09	250777.60
 19.10	250880.00
 19.10	250982.40
 19.11	251084.80
 19.12	251187.20
 19.13	251289.60
 19.14	251392.00
 19.15	251494.40
 19.16	251596.80
 19.16	251699.20
 19.17	251801.60
 19.17	251904.00
 19.18	252006.40
 19.19	252108.80
 19.19	252211.20
 19.20	252313.60
 19.20	252416.00
 19.23	252518.40
 19.23	252620.80
 19.23	252723.20
 19.24	252825.60
 19.24	252928.00
 19.26	253030.40
 19.27	253132.80
 19.28	253235.20
 19.29	253337.60
 19.29	253440.00
 19.30	253542.40
 19.31	253644.80
 19.31	253747.20
 19.32	253849.60
 19.33	253952.00
 19.33	254054.40
 19.34	254156.80
 19.35	254259.20
 19.36	254361.60
 19.37	254464.00
 19.37	254566.40
 19.38	254668.80
 19.40	254771.20
 19.40	254873.60
 19.40	254976.00
 19.41	255078.40
 19.42	255180.80
 19.43	255283.20
 19.44	255385.60
 19.47	255488.00
 19.47	255590.40
 19.47	255692.80
 19.48	255795.20
 19.49	255897.60
 19.49	256000.00
 19.50	256102.40
 19.51	256204.80
 19.53	256307.20
 19.53	256409.60
 19.54	256512.00
 19.55	256614.40
 19.55	256716.80
 19.56	256819.20
 19.56	256921.60
 19.56	257024.00
 19.57	257126.40
 19.57	257228.80
 19.58	257331.20
 19.58	257433.60
 19.58	257536.00
 19.59	257638.40
 19.59	257740.80
 19.60	257843.20
 19.61	257945.60
 19.63	258048.00
 19.63	258150.40
 19.64	258252.80
 19.64	258355.20
 19.65	258457.60
 19.66	258560.00
 19.67	258662.40
 19.68	258764.80
 19.69	258867.20
 19.69	258969.60
 19.70	259072.00
 19.71	259174.40
 19.72	259276.80
 19.72	259379.20
 19.73	259481.60
 19.74	259584.00
 19.75	259686.40
 19.76	259788.80
 19.77	259891.20
 19.77	259993.60
 19.78	260096.00
 19.79	260198.40
 19.80	260300.80
 19.80	260403.20
 19.81	260505.60
 19.82	260608.00
 19.82	260710.40
 19.83	260812.80
 19.83	260915.20
 19.84	261017.60
 19.84	261120.00
 19.84	261222.40
 19.87	261324.80
 19.87	261427.20
 19.87	261529.60
 19.88	261632.00
 19.89	261734.40
 19.89	261836.80
 19.90	261939.20
 19.90	262041.60
 19.91	262144.00
 19.92	262246.40
 19.93	262348.80
 19.94	262451.20
 19.94	262553.60
 19.94	262656.00
 19.96	262758.40
 19.96	262860.80
 19.96	262963.20
 19.97	263065.60
 19.98	263168.00
 19.98	263270.40
 19.99	263372.80
 20.00	263475.20
