 2.22	166.40
 2.23	332.80
 2.23	499.20
 2.25	665.60
 2.26	832.00
 2.27	998.40
 2.28	1164.80
 2.29	1331.20
 2.30	1497.60
 2.32	1664.00
 2.32	1830.40
 2.33	1996.80
 2.34	2163.20
 2.35	2329.60
 2.37	2496.00
 2.37	2662.40
 2.39	2828.80
 2.42	2995.20
 2.44	3161.60
 2.44	3328.00
 2.45	3494.40
 2.46	3660.80
 2.47	3827.20
 2.47	3993.60
 2.49	4160.00
 2.50	4326.40
 2.51	4492.80
 2.52	4659.20
 2.53	4825.60
 2.53	4992.00
 2.54	5158.40
 2.55	5324.80
 2.56	5491.20
 2.57	5657.60
 2.58	5824.00
 2.58	5990.40
 2.59	6156.80
 2.59	6323.20
 2.60	6489.60
 2.61	6656.00
 2.61	6822.40
 2.62	6988.80
 2.63	7155.20
 2.63	7321.60
 2.64	7488.00
 2.64	7654.40
 2.65	7820.80
 2.65	7987.20
 2.66	8153.60
 2.67	8320.00
 2.68	8486.40
 2.68	8652.80
 2.70	8819.20
 2.72	8985.60
 2.73	9152.00
 2.74	9318.40
 2.74	9484.80
 2.75	9651.20
 2.76	9817.60
 2.78	9984.00
 2.78	10150.40
 2.81	10316.80
 2.83	10483.20
 2.84	10649.60
 2.84	10816.00
 2.85	10982.40
 2.86	11148.80
 2.87	11315.20
 2.88	11481.60
 2.89	11648.00
 2.90	11814.40
 2.91	11980.80
 2.91	12147.20
 2.92	12313.60
 2.93	12480.00
 2.94	12646.40
 2.94	12812.80
 2.95	12979.20
 2.96	13145.60
 2.96	13312.00
 2.97	13478.40
 2.98	13644.80
 2.99	13811.20
 2.99	13977.60
 3.00	14144.00
 3.01	14310.40
 3.02	14476.80
 3.03	14643.20
 3.04	14809.60
 3.05	14976.00
 3.06	15142.40
 3.06	15308.80
 3.07	15475.20
 3.08	15641.60
 3.08	15808.00
 3.09	15974.40
 3.11	16140.80
 3.12	16307.20
 3.13	16473.60
 3.14	16640.00
 3.14	16806.40
 3.15	16972.80
 3.16	17139.20
 3.16	17305.60
 3.17	17472.00
 3.18	17638.40
 3.19	17804.80
 3.19	17971.20
 3.20	18137.60
 3.20	18304.00
 3.21	18470.40
 3.22	18636.80
 3.23	18803.20
 3.23	18969.60
 3.24	19136.00
 3.25	19302.40
 3.27	19468.80
 3.27	19635.20
 3.28	19801.60
 3.29	19968.00
 3.29	20134.40
 3.30	20300.80
 3.31	20467.20
 3.32	20633.60
 3.33	20800.00
 3.34	20966.40
 3.34	21132.80
 3.35	21299.20
 3.37	21465.60
 3.38	21632.00
 3.39	21798.40
 3.40	21964.80
 3.41	22131.20
 3.41	22297.60
 3.42	22464.00
 3.42	22630.40
 3.43	22796.80
 3.44	22963.20
 3.45	23129.60
 3.46	23296.00
 3.46	23462.40
 3.47	23628.80
 3.47	23795.20
 3.48	23961.60
 3.49	24128.00
 3.51	24294.40
 3.51	24460.80
 3.52	24627.20
 3.53	24793.60
 3.54	24960.00
 3.54	25126.40
 3.55	25292.80
 3.57	25459.20
 3.57	25625.60
 3.58	25792.00
 3.58	25958.40
 3.59	26124.80
 3.60	26291.20
 3.60	26457.60
 3.61	26624.00
 3.61	26790.40
 3.62	26956.80
 3.64	27123.20
 3.64	27289.60
 3.65	27456.00
 3.66	27622.40
 3.67	27788.80
 3.68	27955.20
 3.68	28121.60
 3.70	28288.00
 3.71	28454.40
 3.72	28620.80
 3.74	28787.20
 3.74	28953.60
 3.75	29120.00
 3.75	29286.40
 3.76	29452.80
 3.77	29619.20
 3.78	29785.60
 3.78	29952.00
 3.79	30118.40
 3.80	30284.80
 3.80	30451.20
 3.81	30617.60
 4.11	30784.00
 4.13	30950.40
 4.21	31116.80
 4.21	31283.20
 4.23	31449.60
 4.30	31616.00
 4.36	31782.40
 4.37	31948.80
 4.39	32115.20
 4.40	32281.60
 4.41	32448.00
 4.43	32614.40
 4.43	32780.80
 4.45	32947.20
 4.46	33113.60
 4.47	33280.00
 4.48	33446.40
 4.49	33612.80
 4.50	33779.20
 4.51	33945.60
 4.51	34112.00
 4.52	34278.40
 4.53	34444.80
 4.53	34611.20
 4.55	34777.60
 4.55	34944.00
 4.56	35110.40
 4.57	35276.80
 4.57	35443.20
 4.58	35609.60
 4.59	35776.00
 4.60	35942.40
 4.60	36108.80
 4.61	36275.20
 4.62	36441.60
 4.65	36608.00
 4.68	36774.40
 4.69	36940.80
 4.70	37107.20
 4.72	37273.60
 4.74	37440.00
 4.75	37606.40
 4.76	37772.80
 4.77	37939.20
 4.78	38105.60
 4.79	38272.00
 4.81	38438.40
 4.82	38604.80
 4.85	38771.20
 4.87	38937.60
 4.90	39104.00
 4.91	39270.40
 4.93	39436.80
 4.96	39603.20
 4.97	39769.60
 4.97	39936.00
 4.99	40102.40
 4.99	40268.80
 5.00	40435.20
 5.01	40601.60
 5.03	40768.00
 5.04	40934.40
 5.05	41100.80
 5.06	41267.20
 5.06	41433.60
 5.07	41600.00
 5.09	41766.40
 5.10	41932.80
 5.10	42099.20
 5.11	42265.60
 5.13	42432.00
 5.15	42598.40
 5.25	42764.80
 5.25	42931.20
 5.27	43097.60
 5.28	43264.00
 5.29	43430.40
 5.30	43596.80
 5.31	43763.20
 5.32	43929.60
 5.34	44096.00
 5.36	44262.40
 5.37	44428.80
 5.38	44595.20
 5.39	44761.60
 5.40	44928.00
 5.40	45094.40
 5.41	45260.80
 5.43	45427.20
 5.44	45593.60
 5.45	45760.00
 5.46	45926.40
 5.47	46092.80
 5.64	46259.20
 5.65	46425.60
 5.67	46592.00
 5.68	46758.40
 5.69	46924.80
 5.70	47091.20
 5.72	47257.60
 5.73	47424.00
 5.74	47590.40
 5.75	47756.80
 5.76	47923.20
 5.76	48089.60
 5.77	48256.00
 5.78	48422.40
 5.79	48588.80
 5.81	48755.20
 5.81	48921.60
 5.84	49088.00
 5.85	49254.40
 5.85	49420.80
 5.87	49587.20
 5.89	49753.60
 5.89	49920.00
 5.90	50086.40
 5.92	50252.80
 5.92	50419.20
 5.94	50585.60
 5.95	50752.00
 5.96	50918.40
 5.97	51084.80
 5.98	51251.20
 5.99	51417.60
 6.02	51584.00
 6.02	51750.40
 6.03	51916.80
 6.04	52083.20
 6.05	52249.60
 6.05	52416.00
 6.06	52582.40
 6.07	52748.80
 6.09	52915.20
 6.09	53081.60
 6.11	53248.00
 6.12	53414.40
 6.14	53580.80
 6.15	53747.20
 6.15	53913.60
 6.16	54080.00
 6.16	54246.40
 6.18	54412.80
 6.19	54579.20
 6.20	54745.60
 6.21	54912.00
 6.22	55078.40
 6.22	55244.80
 6.24	55411.20
 6.25	55577.60
 6.26	55744.00
 6.28	55910.40
 6.28	56076.80
 6.29	56243.20
 6.29	56409.60
 6.31	56576.00
 6.33	56742.40
 6.35	56908.80
 6.35	57075.20
 6.36	57241.60
 6.37	57408.00
 6.38	57574.40
 6.38	57740.80
 6.39	57907.20
 6.40	58073.60
 6.40	58240.00
 6.41	58406.40
 6.42	58572.80
 6.43	58739.20
 6.45	58905.60
 6.46	59072.00
 6.46	59238.40
 6.47	59404.80
 6.47	59571.20
 6.48	59737.60
 6.49	59904.00
 6.49	60070.40
 6.50	60236.80
 6.50	60403.20
 6.52	60569.60
 6.52	60736.00
 6.53	60902.40
 6.53	61068.80
 6.55	61235.20
 6.55	61401.60
 6.56	61568.00
 6.56	61734.40
 6.57	61900.80
 6.58	62067.20
 6.59	62233.60
 6.59	62400.00
 6.61	62566.40
 6.62	62732.80
 6.62	62899.20
 6.63	63065.60
 6.64	63232.00
 6.66	63398.40
 6.66	63564.80
 6.67	63731.20
 6.68	63897.60
 6.69	64064.00
 6.70	64230.40
 6.71	64396.80
 6.72	64563.20
 6.73	64729.60
 6.73	64896.00
 6.74	65062.40
 6.75	65228.80
 6.76	65395.20
 6.77	65561.60
 6.78	65728.00
 6.78	65894.40
 6.79	66060.80
 6.79	66227.20
 6.80	66393.60
 6.81	66560.00
 6.81	66726.40
 6.82	66892.80
 6.82	67059.20
 6.83	67225.60
 6.84	67392.00
 6.84	67558.40
 6.86	67724.80
 6.86	67891.20
 6.87	68057.60
 6.87	68224.00
 6.88	68390.40
 6.89	68556.80
 6.90	68723.20
 6.90	68889.60
 6.91	69056.00
 6.92	69222.40
 6.93	69388.80
 6.93	69555.20
 6.94	69721.60
 6.94	69888.00
 6.95	70054.40
 6.96	70220.80
 6.97	70387.20
 6.98	70553.60
 6.99	70720.00
 7.00	70886.40
 7.01	71052.80
 7.02	71219.20
 7.03	71385.60
 7.04	71552.00
 7.04	71718.40
 7.05	71884.80
 7.06	72051.20
 7.07	72217.60
 7.08	72384.00
 7.09	72550.40
 7.10	72716.80
 7.10	72883.20
 7.11	73049.60
 7.14	73216.00
 7.15	73382.40
 7.15	73548.80
 7.17	73715.20
 7.18	73881.60
 7.18	74048.00
 7.19	74214.40
 7.21	74380.80
 7.23	74547.20
 7.25	74713.60
 7.25	74880.00
 7.26	75046.40
 7.26	75212.80
 7.28	75379.20
 7.29	75545.60
 7.30	75712.00
 7.31	75878.40
 7.32	76044.80
 7.32	76211.20
 7.33	76377.60
 7.34	76544.00
 7.36	76710.40
 7.36	76876.80
 7.37	77043.20
 7.37	77209.60
 7.41	77376.00
 7.42	77542.40
 7.43	77708.80
 7.57	77875.20
 7.58	78041.60
 7.64	78208.00
 7.65	78374.40
 7.72	78540.80
 7.74	78707.20
 7.76	78873.60
 7.77	79040.00
 7.78	79206.40
 7.79	79372.80
 7.82	79539.20
 7.85	79705.60
 7.89	79872.00
 7.90	80038.40
 7.91	80204.80
 7.93	80371.20
 7.94	80537.60
 7.95	80704.00
 7.97	80870.40
 8.01	81036.80
 8.03	81203.20
 8.06	81369.60
 8.07	81536.00
 8.08	81702.40
 8.09	81868.80
 8.10	82035.20
 8.14	82201.60
 8.15	82368.00
 8.16	82534.40
 8.17	82700.80
 8.18	82867.20
 8.20	83033.60
 8.22	83200.00
 8.26	83366.40
 8.27	83532.80
 8.31	83699.20
 8.38	83865.60
 8.41	84032.00
 8.45	84198.40
 8.46	84364.80
 8.47	84531.20
 8.47	84697.60
 8.48	84864.00
 8.48	85030.40
 8.51	85196.80
 8.51	85363.20
 8.52	85529.60
 8.53	85696.00
 8.55	85862.40
 8.56	86028.80
 8.56	86195.20
 8.58	86361.60
 8.60	86528.00
 8.63	86694.40
 8.63	86860.80
 8.65	87027.20
 8.66	87193.60
 8.68	87360.00
 8.69	87526.40
 8.71	87692.80
 8.72	87859.20
 8.72	88025.60
 8.73	88192.00
 8.75	88358.40
 8.76	88524.80
 8.78	88691.20
 8.79	88857.60
 8.79	89024.00
 8.80	89190.40
 8.83	89356.80
 8.84	89523.20
 8.86	89689.60
 8.88	89856.00
 8.89	90022.40
 8.89	90188.80
 8.90	90355.20
 8.92	90521.60
 8.95	90688.00
 8.96	90854.40
 9.00	91020.80
 9.03	91187.20
 9.06	91353.60
 9.07	91520.00
 9.08	91686.40
 9.08	91852.80
 9.09	92019.20
 9.09	92185.60
 9.12	92352.00
 9.12	92518.40
 9.14	92684.80
 9.15	92851.20
 9.15	93017.60
 9.16	93184.00
 9.18	93350.40
 9.18	93516.80
 9.19	93683.20
 9.21	93849.60
 9.25	94016.00
 9.25	94182.40
 9.26	94348.80
 9.27	94515.20
 9.27	94681.60
 9.28	94848.00
 9.29	95014.40
 9.30	95180.80
 9.31	95347.20
 9.33	95513.60
 9.33	95680.00
 9.34	95846.40
 9.35	96012.80
 9.37	96179.20
 9.38	96345.60
 9.39	96512.00
 9.41	96678.40
 9.43	96844.80
 9.44	97011.20
 9.45	97177.60
 9.45	97344.00
 9.48	97510.40
 9.49	97676.80
 9.55	97843.20
 9.59	98009.60
 9.61	98176.00
 9.65	98342.40
 9.66	98508.80
 9.68	98675.20
 9.71	98841.60
 9.71	99008.00
 9.72	99174.40
 9.74	99340.80
 9.75	99507.20
 9.76	99673.60
 9.77	99840.00
 9.77	100006.40
 9.78	100172.80
 9.80	100339.20
 9.80	100505.60
 9.81	100672.00
 9.82	100838.40
 9.82	101004.80
 9.83	101171.20
 9.86	101337.60
 9.87	101504.00
 9.88	101670.40
 9.90	101836.80
 9.91	102003.20
 9.91	102169.60
 9.92	102336.00
 9.92	102502.40
 9.93	102668.80
 9.94	102835.20
 9.96	103001.60
 9.97	103168.00
 9.98	103334.40
 10.00	103500.80
 10.00	103667.20
 10.02	103833.60
 10.04	104000.00
 10.05	104166.40
 10.07	104332.80
 10.08	104499.20
 10.09	104665.60
 10.09	104832.00
 10.12	104998.40
 10.14	105164.80
 10.14	105331.20
 10.15	105497.60
 10.16	105664.00
 10.21	105830.40
 10.22	105996.80
 10.22	106163.20
 10.23	106329.60
 10.23	106496.00
 10.24	106662.40
 10.25	106828.80
 10.27	106995.20
 10.28	107161.60
 10.29	107328.00
 10.29	107494.40
 10.30	107660.80
 10.32	107827.20
 10.33	107993.60
 10.33	108160.00
 10.34	108326.40
 10.35	108492.80
 10.36	108659.20
 10.37	108825.60
 10.39	108992.00
 10.40	109158.40
 10.40	109324.80
 10.41	109491.20
 10.42	109657.60
 10.42	109824.00
 10.43	109990.40
 10.44	110156.80
 10.45	110323.20
 10.46	110489.60
 10.47	110656.00
 10.48	110822.40
 10.48	110988.80
 10.49	111155.20
 10.50	111321.60
 10.51	111488.00
 10.52	111654.40
 10.52	111820.80
 10.54	111987.20
 10.55	112153.60
 10.55	112320.00
 10.56	112486.40
 10.56	112652.80
 10.57	112819.20
 10.58	112985.60
 10.59	113152.00
 10.59	113318.40
 10.61	113484.80
 10.61	113651.20
 10.62	113817.60
 10.63	113984.00
 10.64	114150.40
 10.65	114316.80
 10.66	114483.20
 10.67	114649.60
 10.68	114816.00
 10.69	114982.40
 10.70	115148.80
 10.73	115315.20
 10.74	115481.60
 10.75	115648.00
 10.76	115814.40
 10.77	115980.80
 10.77	116147.20
 10.79	116313.60
 10.80	116480.00
 10.80	116646.40
 10.81	116812.80
 10.81	116979.20
 10.82	117145.60
 10.85	117312.00
 10.87	117478.40
 10.88	117644.80
 10.91	117811.20
 10.92	117977.60
 10.93	118144.00
 10.94	118310.40
 10.95	118476.80
 10.95	118643.20
 10.98	118809.60
 10.98	118976.00
 10.99	119142.40
 11.00	119308.80
 11.00	119475.20
 11.01	119641.60
 11.02	119808.00
 11.02	119974.40
 11.04	120140.80
 11.05	120307.20
 11.06	120473.60
 11.08	120640.00
 11.09	120806.40
 11.10	120972.80
 11.11	121139.20
 11.12	121305.60
 11.13	121472.00
 11.13	121638.40
 11.15	121804.80
 11.17	121971.20
 11.17	122137.60
 11.18	122304.00
 11.19	122470.40
 11.22	122636.80
 11.24	122803.20
 11.27	122969.60
 11.28	123136.00
 11.29	123302.40
 11.30	123468.80
 11.31	123635.20
 11.33	123801.60
 11.36	123968.00
 11.37	124134.40
 11.39	124300.80
 11.40	124467.20
 11.44	124633.60
 11.47	124800.00
 11.48	124966.40
 11.49	125132.80
 11.50	125299.20
 11.51	125465.60
 11.51	125632.00
 11.53	125798.40
 11.53	125964.80
 11.54	126131.20
 11.55	126297.60
 11.56	126464.00
 11.58	126630.40
 11.58	126796.80
 11.61	126963.20
 11.61	127129.60
 11.62	127296.00
 11.62	127462.40
 11.64	127628.80
 11.64	127795.20
 11.66	127961.60
 11.66	128128.00
 11.67	128294.40
 11.68	128460.80
 11.69	128627.20
 11.70	128793.60
 11.71	128960.00
 11.73	129126.40
 11.74	129292.80
 11.74	129459.20
 11.75	129625.60
 11.76	129792.00
 11.77	129958.40
 11.79	130124.80
 11.80	130291.20
 11.81	130457.60
 11.82	130624.00
 11.83	130790.40
 11.83	130956.80
 11.84	131123.20
 11.85	131289.60
 11.86	131456.00
 11.88	131622.40
 11.88	131788.80
 11.89	131955.20
 11.89	132121.60
 11.91	132288.00
 11.91	132454.40
 11.92	132620.80
 11.93	132787.20
 11.94	132953.60
 11.95	133120.00
 11.96	133286.40
 11.99	133452.80
 12.00	133619.20
 12.02	133785.60
 12.07	133952.00
 12.07	134118.40
 12.08	134284.80
 12.10	134451.20
 12.11	134617.60
 12.13	134784.00
 12.14	134950.40
 12.14	135116.80
 12.15	135283.20
 12.16	135449.60
 12.16	135616.00
 12.17	135782.40
 12.19	135948.80
 12.19	136115.20
 12.21	136281.60
 12.21	136448.00
 12.22	136614.40
 12.22	136780.80
 12.23	136947.20
 12.25	137113.60
 12.26	137280.00
 12.28	137446.40
 12.29	137612.80
 12.31	137779.20
 12.32	137945.60
 12.33	138112.00
 12.34	138278.40
 12.35	138444.80
 12.36	138611.20
 12.37	138777.60
 12.39	138944.00
 12.43	139110.40
 12.44	139276.80
 12.45	139443.20
 12.48	139609.60
 12.48	139776.00
 12.49	139942.40
 12.49	140108.80
 12.51	140275.20
 12.53	140441.60
 12.53	140608.00
 12.56	140774.40
 12.60	140940.80
 12.63	141107.20
 12.65	141273.60
 12.66	141440.00
 12.66	141606.40
 12.67	141772.80
 12.70	141939.20
 12.70	142105.60
 12.72	142272.00
 12.72	142438.40
 12.73	142604.80
 12.74	142771.20
 12.76	142937.60
 12.77	143104.00
 12.79	143270.40
 12.81	143436.80
 12.82	143603.20
 12.83	143769.60
 12.90	143936.00
 12.92	144102.40
 13.02	144268.80
 13.05	144435.20
 13.07	144601.60
 13.10	144768.00
 13.10	144934.40
 13.20	145100.80
 13.22	145267.20
 13.23	145433.60
 13.26	145600.00
 13.26	145766.40
 13.27	145932.80
 13.28	146099.20
 13.32	146265.60
 13.33	146432.00
 13.36	146598.40
 13.38	146764.80
 13.41	146931.20
 13.41	147097.60
 13.42	147264.00
 13.43	147430.40
 13.43	147596.80
 13.44	147763.20
 13.44	147929.60
 13.45	148096.00
 13.46	148262.40
 13.46	148428.80
 13.47	148595.20
 13.47	148761.60
 13.48	148928.00
 13.50	149094.40
 13.50	149260.80
 13.52	149427.20
 13.52	149593.60
 13.53	149760.00
 13.55	149926.40
 13.56	150092.80
 13.57	150259.20
 13.61	150425.60
 13.61	150592.00
 13.62	150758.40
 13.66	150924.80
 13.66	151091.20
 13.67	151257.60
 13.68	151424.00
 13.69	151590.40
 13.70	151756.80
 13.70	151923.20
 13.74	152089.60
 13.74	152256.00
 13.77	152422.40
 13.79	152588.80
 13.80	152755.20
 13.82	152921.60
 13.83	153088.00
 13.84	153254.40
 13.85	153420.80
 13.87	153587.20
 13.88	153753.60
 13.89	153920.00
 13.91	154086.40
 13.92	154252.80
 13.93	154419.20
 13.95	154585.60
 13.95	154752.00
 13.98	154918.40
 13.98	155084.80
 14.02	155251.20
 14.02	155417.60
 14.04	155584.00
 14.06	155750.40
 14.08	155916.80
 14.09	156083.20
 14.10	156249.60
 14.14	156416.00
 14.14	156582.40
 14.17	156748.80
 14.17	156915.20
 14.19	157081.60
 14.21	157248.00
 14.23	157414.40
 14.24	157580.80
 14.26	157747.20
 14.27	157913.60
 14.28	158080.00
 14.28	158246.40
 14.29	158412.80
 14.31	158579.20
 14.32	158745.60
 14.33	158912.00
 14.34	159078.40
 14.35	159244.80
 14.36	159411.20
 14.37	159577.60
 14.38	159744.00
 14.39	159910.40
 14.40	160076.80
 14.41	160243.20
 14.42	160409.60
 14.43	160576.00
 14.43	160742.40
 14.46	160908.80
 14.46	161075.20
 14.47	161241.60
 14.48	161408.00
 14.49	161574.40
 14.49	161740.80
 14.50	161907.20
 14.51	162073.60
 14.53	162240.00
 14.56	162406.40
 14.56	162572.80
 14.59	162739.20
 14.60	162905.60
 14.62	163072.00
 14.63	163238.40
 14.64	163404.80
 14.67	163571.20
 14.68	163737.60
 14.69	163904.00
 14.70	164070.40
 14.70	164236.80
 14.71	164403.20
 14.72	164569.60
 14.73	164736.00
 14.74	164902.40
 14.75	165068.80
 14.77	165235.20
 14.78	165401.60
 14.79	165568.00
 14.80	165734.40
 14.81	165900.80
 14.81	166067.20
 14.83	166233.60
 14.84	166400.00
 14.87	166566.40
 14.88	166732.80
 14.89	166899.20
 14.90	167065.60
 14.90	167232.00
 14.92	167398.40
 14.92	167564.80
 14.93	167731.20
 14.94	167897.60
 14.94	168064.00
 14.96	168230.40
 14.97	168396.80
 14.98	168563.20
 14.99	168729.60
 15.01	168896.00
 15.05	169062.40
 15.06	169228.80
 15.07	169395.20
 15.11	169561.60
 15.11	169728.00
 15.12	169894.40
 15.13	170060.80
 15.15	170227.20
 15.16	170393.60
 15.16	170560.00
 15.17	170726.40
 15.18	170892.80
 15.20	171059.20
 15.21	171225.60
 15.22	171392.00
 15.23	171558.40
 15.24	171724.80
 15.25	171891.20
 15.26	172057.60
 15.27	172224.00
 15.31	172390.40
 15.32	172556.80
 15.33	172723.20
 15.34	172889.60
 15.35	173056.00
 15.37	173222.40
 15.37	173388.80
 15.40	173555.20
 15.40	173721.60
 15.42	173888.00
 15.43	174054.40
 15.43	174220.80
 15.44	174387.20
 15.45	174553.60
 15.47	174720.00
 15.48	174886.40
 15.48	175052.80
 15.49	175219.20
 15.50	175385.60
 15.52	175552.00
 15.53	175718.40
 15.57	175884.80
 15.59	176051.20
 15.60	176217.60
 15.61	176384.00
 15.62	176550.40
 15.65	176716.80
 15.67	176883.20
 15.69	177049.60
 15.70	177216.00
 15.71	177382.40
 15.72	177548.80
 15.73	177715.20
 15.73	177881.60
 15.74	178048.00
 15.74	178214.40
 15.78	178380.80
 15.79	178547.20
 15.80	178713.60
 15.80	178880.00
 15.81	179046.40
 15.83	179212.80
 15.84	179379.20
 15.86	179545.60
 15.87	179712.00
 15.87	179878.40
 15.89	180044.80
 15.90	180211.20
 15.90	180377.60
 15.91	180544.00
 15.92	180710.40
 15.93	180876.80
 15.94	181043.20
 15.96	181209.60
 15.97	181376.00
 16.00	181542.40
 16.00	181708.80
 16.02	181875.20
 16.03	182041.60
 16.03	182208.00
 16.04	182374.40
 16.05	182540.80
 16.06	182707.20
 16.07	182873.60
 16.09	183040.00
 16.09	183206.40
 16.10	183372.80
 16.13	183539.20
 16.15	183705.60
 16.15	183872.00
 16.17	184038.40
 16.18	184204.80
 16.18	184371.20
 16.20	184537.60
 16.21	184704.00
 16.22	184870.40
 16.23	185036.80
 16.25	185203.20
 16.26	185369.60
 16.28	185536.00
 16.29	185702.40
 16.29	185868.80
 16.30	186035.20
 16.31	186201.60
 16.32	186368.00
 16.34	186534.40
 16.34	186700.80
 16.36	186867.20
 16.37	187033.60
 16.37	187200.00
 16.38	187366.40
 16.39	187532.80
 16.39	187699.20
 16.40	187865.60
 16.41	188032.00
 16.42	188198.40
 16.42	188364.80
 16.43	188531.20
 16.44	188697.60
 16.47	188864.00
 16.50	189030.40
 16.52	189196.80
 16.53	189363.20
 16.53	189529.60
 16.54	189696.00
 16.55	189862.40
 16.55	190028.80
 16.56	190195.20
 16.58	190361.60
 16.59	190528.00
 16.59	190694.40
 16.60	190860.80
 16.61	191027.20
 16.63	191193.60
 16.64	191360.00
 16.65	191526.40
 16.66	191692.80
 16.68	191859.20
 16.70	192025.60
 16.71	192192.00
 16.74	192358.40
 16.75	192524.80
 16.75	192691.20
 16.77	192857.60
 16.80	193024.00
 16.81	193190.40
 16.83	193356.80
 16.87	193523.20
 16.88	193689.60
 16.90	193856.00
 16.90	194022.40
 16.91	194188.80
 16.94	194355.20
 16.98	194521.60
 16.99	194688.00
 17.01	194854.40
 17.02	195020.80
 17.05	195187.20
 17.07	195353.60
 17.07	195520.00
 17.09	195686.40
 17.11	195852.80
 17.13	196019.20
 17.14	196185.60
 17.16	196352.00
 17.18	196518.40
 17.19	196684.80
 17.19	196851.20
 17.20	197017.60
 17.22	197184.00
 17.23	197350.40
 17.23	197516.80
 17.25	197683.20
 17.26	197849.60
 17.28	198016.00
 17.29	198182.40
 17.30	198348.80
 17.31	198515.20
 17.32	198681.60
 17.33	198848.00
 17.34	199014.40
 17.35	199180.80
 17.36	199347.20
 17.36	199513.60
 17.37	199680.00
 17.39	199846.40
 17.40	200012.80
 17.41	200179.20
 17.42	200345.60
 17.43	200512.00
 17.44	200678.40
 17.45	200844.80
 17.46	201011.20
 17.47	201177.60
 17.47	201344.00
 17.49	201510.40
 17.50	201676.80
 17.50	201843.20
 17.51	202009.60
 17.52	202176.00
 17.56	202342.40
 17.58	202508.80
 17.60	202675.20
 17.62	202841.60
 17.62	203008.00
 17.63	203174.40
 17.64	203340.80
 17.65	203507.20
 17.67	203673.60
 17.67	203840.00
 17.70	204006.40
 17.72	204172.80
 17.73	204339.20
 17.75	204505.60
 17.78	204672.00
 17.80	204838.40
 17.80	205004.80
 17.81	205171.20
 17.82	205337.60
 17.83	205504.00
 17.84	205670.40
 17.86	205836.80
 17.89	206003.20
 17.89	206169.60
 17.90	206336.00
 17.91	206502.40
 17.93	206668.80
 17.95	206835.20
 17.97	207001.60
 17.98	207168.00
 17.99	207334.40
 18.00	207500.80
 18.08	207667.20
 18.08	207833.60
 18.12	208000.00
 18.14	208166.40
 18.15	208332.80
 18.17	208499.20
 18.18	208665.60
 18.19	208832.00
 18.20	208998.40
 18.22	209164.80
 18.23	209331.20
 18.23	209497.60
 18.25	209664.00
 18.25	209830.40
 18.26	209996.80
 18.28	210163.20
 18.29	210329.60
 18.29	210496.00
 18.30	210662.40
 18.31	210828.80
 18.32	210995.20
 18.33	211161.60
 18.34	211328.00
 18.35	211494.40
 18.35	211660.80
 18.36	211827.20
 18.36	211993.60
 18.37	212160.00
 18.38	212326.40
 18.39	212492.80
 18.40	212659.20
 18.41	212825.60
 18.43	212992.00
 18.43	213158.40
 18.44	213324.80
 18.45	213491.20
 18.46	213657.60
 18.47	213824.00
 18.47	213990.40
 18.49	214156.80
 18.51	214323.20
 18.52	214489.60
 18.55	214656.00
 18.56	214822.40
 18.57	214988.80
 18.57	215155.20
 18.59	215321.60
 18.59	215488.00
 18.61	215654.40
 18.62	215820.80
 18.64	215987.20
 18.64	216153.60
 18.65	216320.00
 18.66	216486.40
 18.66	216652.80
 18.67	216819.20
 18.67	216985.60
 18.69	217152.00
 18.69	217318.40
 18.70	217484.80
 18.70	217651.20
 18.71	217817.60
 18.71	217984.00
 18.72	218150.40
 18.73	218316.80
 18.74	218483.20
 18.75	218649.60
 18.75	218816.00
 18.77	218982.40
 18.77	219148.80
 18.78	219315.20
 18.78	219481.60
 18.79	219648.00
 18.80	219814.40
 18.80	219980.80
 18.81	220147.20
 18.83	220313.60
 18.84	220480.00
 18.85	220646.40
 18.86	220812.80
 18.87	220979.20
 18.88	221145.60
 18.89	221312.00
 18.92	221478.40
 18.92	221644.80
 18.94	221811.20
 18.94	221977.60
 18.95	222144.00
 18.96	222310.40
 18.98	222476.80
 18.99	222643.20
 18.99	222809.60
 19.00	222976.00
 19.02	223142.40
 19.04	223308.80
 19.05	223475.20
 19.06	223641.60
 19.07	223808.00
 19.10	223974.40
 19.14	224140.80
 19.16	224307.20
 19.17	224473.60
 19.18	224640.00
 19.18	224806.40
 19.20	224972.80
 19.21	225139.20
 19.22	225305.60
 19.22	225472.00
 19.25	225638.40
 19.27	225804.80
 19.28	225971.20
 19.29	226137.60
 19.30	226304.00
 19.31	226470.40
 19.32	226636.80
 19.33	226803.20
 19.34	226969.60
 19.35	227136.00
 19.35	227302.40
 19.36	227468.80
 19.37	227635.20
 19.37	227801.60
 19.38	227968.00
 19.39	228134.40
 19.40	228300.80
 19.41	228467.20
 19.42	228633.60
 19.42	228800.00
 19.43	228966.40
 19.44	229132.80
 19.45	229299.20
 19.46	229465.60
 19.47	229632.00
 19.48	229798.40
 19.48	229964.80
 19.49	230131.20
 19.51	230297.60
 19.52	230464.00
 19.52	230630.40
 19.53	230796.80
 19.54	230963.20
 19.55	231129.60
 19.56	231296.00
 19.56	231462.40
 19.57	231628.80
 19.57	231795.20
 19.58	231961.60
 19.59	232128.00
 19.60	232294.40
 19.61	232460.80
 19.61	232627.20
 19.62	232793.60
 19.63	232960.00
 19.64	233126.40
 19.65	233292.80
 19.65	233459.20
 19.67	233625.60
 19.67	233792.00
 19.68	233958.40
 19.69	234124.80
 19.70	234291.20
 19.71	234457.60
 19.73	234624.00
 19.74	234790.40
 19.75	234956.80
 19.75	235123.20
 19.76	235289.60
 19.77	235456.00
 19.77	235622.40
 19.78	235788.80
 19.80	235955.20
 19.82	236121.60
 19.83	236288.00
 19.84	236454.40
 19.85	236620.80
 19.85	236787.20
 19.86	236953.60
 19.87	237120.00
 19.89	237286.40
 19.90	237452.80
 19.91	237619.20
 19.92	237785.60
 19.92	237952.00
 19.93	238118.40
 19.94	238284.80
 19.95	238451.20
 19.96	238617.60
 19.96	238784.00
 19.98	238950.40
 19.99	239116.80
 19.99	239283.20
