 2.05	102.40
 2.05	204.80
 2.08	307.20
 2.15	409.60
 2.15	512.00
 2.19	614.40
 2.20	716.80
 2.20	819.20
 2.25	921.60
 2.27	1024.00
 2.38	1126.40
 2.38	1228.80
 2.40	1331.20
 2.41	1433.60
 2.42	1536.00
 2.42	1638.40
 2.44	1740.80
 2.44	1843.20
 2.52	1945.60
 2.55	2048.00
 2.56	2150.40
 2.56	2252.80
 2.57	2355.20
 2.57	2457.60
 2.57	2560.00
 2.58	2662.40
 2.58	2764.80
 2.59	2867.20
 2.59	2969.60
 2.59	3072.00
 2.61	3174.40
 2.61	3276.80
 2.63	3379.20
 2.63	3481.60
 2.63	3584.00
 2.64	3686.40
 2.64	3788.80
 2.65	3891.20
 2.66	3993.60
 2.66	4096.00
 2.67	4198.40
 2.67	4300.80
 2.67	4403.20
 2.68	4505.60
 2.68	4608.00
 2.69	4710.40
 2.69	4812.80
 2.70	4915.20
 2.70	5017.60
 2.70	5120.00
 2.71	5222.40
 2.71	5324.80
 2.72	5427.20
 2.72	5529.60
 2.73	5632.00
 2.73	5734.40
 2.73	5836.80
 2.74	5939.20
 2.74	6041.60
 2.75	6144.00
 2.75	6246.40
 2.76	6348.80
 2.76	6451.20
 2.76	6553.60
 2.77	6656.00
 2.77	6758.40
 2.78	6860.80
 2.78	6963.20
 2.79	7065.60
 2.79	7168.00
 2.79	7270.40
 2.80	7372.80
 2.80	7475.20
 2.81	7577.60
 2.81	7680.00
 2.82	7782.40
 2.82	7884.80
 2.82	7987.20
 2.83	8089.60
 2.83	8192.00
 2.84	8294.40
 2.84	8396.80
 2.85	8499.20
 2.85	8601.60
 2.85	8704.00
 2.86	8806.40
 2.86	8908.80
 2.87	9011.20
 2.87	9113.60
 2.88	9216.00
 2.88	9318.40
 2.89	9420.80
 2.89	9523.20
 2.89	9625.60
 2.90	9728.00
 2.90	9830.40
 2.91	9932.80
 2.91	10035.20
 2.92	10137.60
 2.92	10240.00
 2.92	10342.40
 2.93	10444.80
 2.93	10547.20
 2.94	10649.60
 2.94	10752.00
 2.95	10854.40
 2.95	10956.80
 2.95	11059.20
 2.96	11161.60
 2.96	11264.00
 2.97	11366.40
 2.97	11468.80
 2.98	11571.20
 2.98	11673.60
 2.99	11776.00
 2.99	11878.40
 3.00	11980.80
 3.00	12083.20
 3.01	12185.60
 3.02	12288.00
 3.02	12390.40
 3.02	12492.80
 3.03	12595.20
 3.03	12697.60
 3.04	12800.00
 3.04	12902.40
 3.04	13004.80
 3.05	13107.20
 3.05	13209.60
 3.06	13312.00
 3.06	13414.40
 3.07	13516.80
 3.07	13619.20
 3.08	13721.60
 3.08	13824.00
 3.08	13926.40
 3.09	14028.80
 3.09	14131.20
 3.10	14233.60
 3.10	14336.00
 3.11	14438.40
 3.11	14540.80
 3.11	14643.20
 3.12	14745.60
 3.12	14848.00
 3.13	14950.40
 3.13	15052.80
 3.14	15155.20
 3.14	15257.60
 3.15	15360.00
 3.15	15462.40
 3.15	15564.80
 3.16	15667.20
 3.16	15769.60
 3.17	15872.00
 3.17	15974.40
 3.17	16076.80
 3.18	16179.20
 3.18	16281.60
 3.19	16384.00
 3.19	16486.40
 3.20	16588.80
 3.20	16691.20
 3.20	16793.60
 3.21	16896.00
 3.21	16998.40
 3.22	17100.80
 3.22	17203.20
 3.23	17305.60
 3.23	17408.00
 3.24	17510.40
 3.24	17612.80
 3.24	17715.20
 3.25	17817.60
 3.25	17920.00
 3.26	18022.40
 3.26	18124.80
 3.27	18227.20
 3.27	18329.60
 3.27	18432.00
 3.28	18534.40
 3.28	18636.80
 3.29	18739.20
 3.29	18841.60
 3.30	18944.00
 3.30	19046.40
 3.31	19148.80
 3.31	19251.20
 3.31	19353.60
 3.32	19456.00
 3.32	19558.40
 3.33	19660.80
 3.33	19763.20
 3.34	19865.60
 3.34	19968.00
 3.35	20070.40
 3.35	20172.80
 3.35	20275.20
 3.36	20377.60
 3.36	20480.00
 3.37	20582.40
 3.37	20684.80
 3.38	20787.20
 3.38	20889.60
 3.38	20992.00
 3.39	21094.40
 3.39	21196.80
 3.40	21299.20
 3.40	21401.60
 3.41	21504.00
 3.41	21606.40
 3.41	21708.80
 3.42	21811.20
 3.42	21913.60
 3.43	22016.00
 3.43	22118.40
 3.44	22220.80
 3.44	22323.20
 3.44	22425.60
 3.45	22528.00
 3.45	22630.40
 3.46	22732.80
 3.46	22835.20
 3.47	22937.60
 3.47	23040.00
 3.47	23142.40
 3.48	23244.80
 3.48	23347.20
 3.49	23449.60
 3.49	23552.00
 3.50	23654.40
 3.50	23756.80
 3.51	23859.20
 3.51	23961.60
 3.51	24064.00
 3.52	24166.40
 3.52	24268.80
 3.53	24371.20
 3.53	24473.60
 3.54	24576.00
 3.54	24678.40
 3.55	24780.80
 3.55	24883.20
 3.55	24985.60
 3.56	25088.00
 3.56	25190.40
 3.57	25292.80
 3.57	25395.20
 3.58	25497.60
 3.58	25600.00
 3.58	25702.40
 3.59	25804.80
 3.59	25907.20
 3.60	26009.60
 3.60	26112.00
 3.61	26214.40
 3.61	26316.80
 3.62	26419.20
 3.62	26521.60
 3.63	26624.00
 3.63	26726.40
 3.63	26828.80
 3.64	26931.20
 3.64	27033.60
 3.65	27136.00
 3.65	27238.40
 3.66	27340.80
 3.66	27443.20
 3.66	27545.60
 3.67	27648.00
 3.67	27750.40
 3.68	27852.80
 3.68	27955.20
 3.69	28057.60
 3.69	28160.00
 3.70	28262.40
 3.70	28364.80
 3.71	28467.20
 3.71	28569.60
 3.72	28672.00
 3.72	28774.40
 3.72	28876.80
 3.73	28979.20
 3.73	29081.60
 3.74	29184.00
 3.74	29286.40
 3.75	29388.80
 3.75	29491.20
 3.75	29593.60
 3.76	29696.00
 3.76	29798.40
 3.77	29900.80
 3.77	30003.20
 3.78	30105.60
 3.78	30208.00
 3.79	30310.40
 3.79	30412.80
 3.79	30515.20
 3.80	30617.60
 3.80	30720.00
 3.81	30822.40
 3.81	30924.80
 3.82	31027.20
 3.84	31129.60
 3.84	31232.00
 3.85	31334.40
 3.89	31436.80
 3.90	31539.20
 3.91	31641.60
 3.91	31744.00
 3.91	31846.40
 3.92	31948.80
 3.93	32051.20
 3.93	32153.60
 4.01	32256.00
 4.02	32358.40
 4.05	32460.80
 4.28	32563.20
 4.29	32665.60
 4.30	32768.00
 4.31	32870.40
 4.32	32972.80
 4.32	33075.20
 4.34	33177.60
 4.34	33280.00
 4.35	33382.40
 4.38	33484.80
 4.48	33587.20
 4.49	33689.60
 4.49	33792.00
 4.50	33894.40
 4.50	33996.80
 4.50	34099.20
 4.51	34201.60
 4.51	34304.00
 4.52	34406.40
 4.53	34508.80
 4.53	34611.20
 4.55	34713.60
 4.58	34816.00
 4.59	34918.40
 4.59	35020.80
 4.60	35123.20
 4.62	35225.60
 4.63	35328.00
 4.64	35430.40
 4.66	35532.80
 4.67	35635.20
 4.68	35737.60
 4.69	35840.00
 4.71	35942.40
 4.73	36044.80
 4.74	36147.20
 4.75	36249.60
 4.75	36352.00
 4.78	36454.40
 4.78	36556.80
 4.79	36659.20
 4.80	36761.60
 4.81	36864.00
 4.81	36966.40
 4.83	37068.80
 4.83	37171.20
 4.87	37273.60
 4.91	37376.00
 4.95	37478.40
 4.96	37580.80
 4.97	37683.20
 4.97	37785.60
 4.99	37888.00
 5.00	37990.40
 5.01	38092.80
 5.08	38195.20
 5.08	38297.60
 5.10	38400.00
 5.17	38502.40
 5.17	38604.80
 5.18	38707.20
 5.19	38809.60
 5.19	38912.00
 5.20	39014.40
 5.20	39116.80
 5.20	39219.20
 5.26	39321.60
 5.26	39424.00
 5.27	39526.40
 5.29	39628.80
 5.29	39731.20
 5.30	39833.60
 5.30	39936.00
 5.31	40038.40
 5.32	40140.80
 5.34	40243.20
 5.36	40345.60
 5.36	40448.00
 5.36	40550.40
 5.38	40652.80
 5.39	40755.20
 5.39	40857.60
 5.41	40960.00
 5.41	41062.40
 5.42	41164.80
 5.43	41267.20
 5.44	41369.60
 5.45	41472.00
 5.45	41574.40
 5.46	41676.80
 5.48	41779.20
 5.48	41881.60
 5.49	41984.00
 5.49	42086.40
 5.50	42188.80
 5.50	42291.20
 5.51	42393.60
 5.52	42496.00
 5.52	42598.40
 5.53	42700.80
 5.54	42803.20
 5.54	42905.60
 5.55	43008.00
 5.56	43110.40
 5.56	43212.80
 5.57	43315.20
 5.58	43417.60
 5.60	43520.00
 5.62	43622.40
 5.63	43724.80
 5.63	43827.20
 5.64	43929.60
 5.67	44032.00
 5.67	44134.40
 5.68	44236.80
 5.69	44339.20
 5.69	44441.60
 5.70	44544.00
 5.70	44646.40
 5.71	44748.80
 5.71	44851.20
 5.72	44953.60
 5.73	45056.00
 5.74	45158.40
 5.75	45260.80
 5.75	45363.20
 5.76	45465.60
 5.77	45568.00
 5.78	45670.40
 5.79	45772.80
 5.80	45875.20
 5.82	45977.60
 5.82	46080.00
 5.83	46182.40
 5.84	46284.80
 5.85	46387.20
 5.85	46489.60
 5.86	46592.00
 5.87	46694.40
 5.88	46796.80
 5.88	46899.20
 5.89	47001.60
 5.91	47104.00
 5.92	47206.40
 5.92	47308.80
 5.93	47411.20
 5.96	47513.60
 5.98	47616.00
 6.01	47718.40
 6.02	47820.80
 6.03	47923.20
 6.05	48025.60
 6.06	48128.00
 6.08	48230.40
 6.11	48332.80
 6.12	48435.20
 6.12	48537.60
 6.14	48640.00
 6.16	48742.40
 6.17	48844.80
 6.18	48947.20
 6.20	49049.60
 6.21	49152.00
 6.22	49254.40
 6.24	49356.80
 6.25	49459.20
 6.25	49561.60
 6.26	49664.00
 6.26	49766.40
 6.27	49868.80
 6.27	49971.20
 6.28	50073.60
 6.31	50176.00
 6.31	50278.40
 6.32	50380.80
 6.33	50483.20
 6.34	50585.60
 6.35	50688.00
 6.35	50790.40
 6.36	50892.80
 6.36	50995.20
 6.39	51097.60
 6.40	51200.00
 6.42	51302.40
 6.44	51404.80
 6.44	51507.20
 6.47	51609.60
 6.47	51712.00
 6.48	51814.40
 6.50	51916.80
 6.51	52019.20
 6.52	52121.60
 6.54	52224.00
 6.54	52326.40
 6.56	52428.80
 6.57	52531.20
 6.57	52633.60
 6.58	52736.00
 6.58	52838.40
 6.59	52940.80
 6.60	53043.20
 6.60	53145.60
 6.61	53248.00
 6.61	53350.40
 6.65	53452.80
 6.66	53555.20
 6.67	53657.60
 6.67	53760.00
 6.68	53862.40
 6.71	53964.80
 6.72	54067.20
 6.72	54169.60
 6.73	54272.00
 6.73	54374.40
 6.74	54476.80
 6.75	54579.20
 6.75	54681.60
 6.77	54784.00
 6.80	54886.40
 6.81	54988.80
 6.81	55091.20
 6.82	55193.60
 6.82	55296.00
 6.83	55398.40
 6.83	55500.80
 6.84	55603.20
 6.85	55705.60
 6.89	55808.00
 6.89	55910.40
 6.89	56012.80
 6.90	56115.20
 6.90	56217.60
 6.91	56320.00
 6.93	56422.40
 6.93	56524.80
 6.94	56627.20
 6.94	56729.60
 6.94	56832.00
 6.95	56934.40
 6.96	57036.80
 6.96	57139.20
 6.97	57241.60
 6.97	57344.00
 6.98	57446.40
 6.99	57548.80
 7.00	57651.20
 7.00	57753.60
 7.04	57856.00
 7.05	57958.40
 7.10	58060.80
 7.11	58163.20
 7.11	58265.60
 7.13	58368.00
 7.14	58470.40
 7.15	58572.80
 7.16	58675.20
 7.16	58777.60
 7.17	58880.00
 7.17	58982.40
 7.18	59084.80
 7.18	59187.20
 7.19	59289.60
 7.21	59392.00
 7.23	59494.40
 7.23	59596.80
 7.24	59699.20
 7.24	59801.60
 7.27	59904.00
 7.28	60006.40
 7.29	60108.80
 7.32	60211.20
 7.35	60313.60
 7.36	60416.00
 7.37	60518.40
 7.37	60620.80
 7.38	60723.20
 7.38	60825.60
 7.39	60928.00
 7.39	61030.40
 7.39	61132.80
 7.41	61235.20
 7.42	61337.60
 7.44	61440.00
 7.46	61542.40
 7.46	61644.80
 7.46	61747.20
 7.47	61849.60
 7.47	61952.00
 7.48	62054.40
 7.48	62156.80
 7.49	62259.20
 7.49	62361.60
 7.49	62464.00
 7.50	62566.40
 7.50	62668.80
 7.51	62771.20
 7.53	62873.60
 7.53	62976.00
 7.53	63078.40
 7.54	63180.80
 7.54	63283.20
 7.55	63385.60
 7.55	63488.00
 7.56	63590.40
 7.56	63692.80
 7.56	63795.20
 7.57	63897.60
 7.57	64000.00
 7.58	64102.40
 7.58	64204.80
 7.58	64307.20
 7.59	64409.60
 7.59	64512.00
 7.60	64614.40
 7.60	64716.80
 7.61	64819.20
 7.61	64921.60
 7.61	65024.00
 7.62	65126.40
 7.62	65228.80
 7.63	65331.20
 7.63	65433.60
 7.64	65536.00
 7.64	65638.40
 7.64	65740.80
 7.65	65843.20
 7.65	65945.60
 7.66	66048.00
 7.66	66150.40
 7.67	66252.80
 7.67	66355.20
 7.68	66457.60
 7.69	66560.00
 7.70	66662.40
 7.73	66764.80
 7.73	66867.20
 7.73	66969.60
 7.74	67072.00
 7.74	67174.40
 7.75	67276.80
 7.75	67379.20
 7.76	67481.60
 7.76	67584.00
 7.76	67686.40
 7.79	67788.80
 7.80	67891.20
 7.80	67993.60
 7.81	68096.00
 7.81	68198.40
 7.82	68300.80
 7.82	68403.20
 7.84	68505.60
 7.85	68608.00
 7.85	68710.40
 7.86	68812.80
 7.87	68915.20
 7.87	69017.60
 7.88	69120.00
 7.89	69222.40
 7.89	69324.80
 7.90	69427.20
 7.90	69529.60
 7.91	69632.00
 7.92	69734.40
 7.92	69836.80
 7.93	69939.20
 7.93	70041.60
 7.94	70144.00
 7.99	70246.40
 8.00	70348.80
 8.00	70451.20
 8.01	70553.60
 8.01	70656.00
 8.01	70758.40
 8.02	70860.80
 8.02	70963.20
 8.03	71065.60
 8.03	71168.00
 8.04	71270.40
 8.04	71372.80
 8.04	71475.20
 8.05	71577.60
 8.06	71680.00
 8.07	71782.40
 8.08	71884.80
 8.08	71987.20
 8.09	72089.60
 8.09	72192.00
 8.09	72294.40
 8.10	72396.80
 8.12	72499.20
 8.13	72601.60
 8.16	72704.00
 8.17	72806.40
 8.18	72908.80
 8.20	73011.20
 8.22	73113.60
 8.23	73216.00
 8.24	73318.40
 8.25	73420.80
 8.26	73523.20
 8.27	73625.60
 8.28	73728.00
 8.31	73830.40
 8.32	73932.80
 8.33	74035.20
 8.36	74137.60
 8.38	74240.00
 8.39	74342.40
 8.39	74444.80
 8.40	74547.20
 8.40	74649.60
 8.43	74752.00
 8.44	74854.40
 8.45	74956.80
 8.45	75059.20
 8.46	75161.60
 8.46	75264.00
 8.47	75366.40
 8.47	75468.80
 8.48	75571.20
 8.48	75673.60
 8.48	75776.00
 8.50	75878.40
 8.51	75980.80
 8.51	76083.20
 8.51	76185.60
 8.52	76288.00
 8.53	76390.40
 8.54	76492.80
 8.55	76595.20
 8.55	76697.60
 8.56	76800.00
 8.56	76902.40
 8.56	77004.80
 8.57	77107.20
 8.57	77209.60
 8.58	77312.00
 8.58	77414.40
 8.59	77516.80
 8.59	77619.20
 8.59	77721.60
 8.60	77824.00
 8.60	77926.40
 8.61	78028.80
 8.61	78131.20
 8.62	78233.60
 8.62	78336.00
 8.62	78438.40
 8.63	78540.80
 8.63	78643.20
 8.65	78745.60
 8.65	78848.00
 8.66	78950.40
 8.67	79052.80
 8.67	79155.20
 8.67	79257.60
 8.69	79360.00
 8.70	79462.40
 8.70	79564.80
 8.71	79667.20
 8.73	79769.60
 8.73	79872.00
 8.75	79974.40
 8.75	80076.80
 8.76	80179.20
 8.76	80281.60
 8.76	80384.00
 8.77	80486.40
 8.77	80588.80
 8.78	80691.20
 8.78	80793.60
 8.79	80896.00
 8.79	80998.40
 8.79	81100.80
 8.80	81203.20
 8.80	81305.60
 8.81	81408.00
 8.81	81510.40
 8.82	81612.80
 8.82	81715.20
 8.82	81817.60
 8.83	81920.00
 8.83	82022.40
 8.84	82124.80
 8.84	82227.20
 8.85	82329.60
 8.85	82432.00
 8.85	82534.40
 8.86	82636.80
 8.86	82739.20
 8.87	82841.60
 8.87	82944.00
 8.88	83046.40
 8.88	83148.80
 8.89	83251.20
 8.91	83353.60
 8.91	83456.00
 8.92	83558.40
 8.93	83660.80
 8.95	83763.20
 8.95	83865.60
 8.97	83968.00
 8.97	84070.40
 8.97	84172.80
 8.98	84275.20
 8.98	84377.60
 9.00	84480.00
 9.00	84582.40
 9.00	84684.80
 9.01	84787.20
 9.01	84889.60
 9.02	84992.00
 9.02	85094.40
 9.03	85196.80
 9.03	85299.20
 9.04	85401.60
 9.05	85504.00
 9.06	85606.40
 9.06	85708.80
 9.07	85811.20
 9.07	85913.60
 9.08	86016.00
 9.09	86118.40
 9.10	86220.80
 9.11	86323.20
 9.11	86425.60
 9.12	86528.00
 9.12	86630.40
 9.13	86732.80
 9.13	86835.20
 9.14	86937.60
 9.14	87040.00
 9.15	87142.40
 9.16	87244.80
 9.16	87347.20
 9.16	87449.60
 9.17	87552.00
 9.18	87654.40
 9.19	87756.80
 9.19	87859.20
 9.20	87961.60
 9.21	88064.00
 9.21	88166.40
 9.22	88268.80
 9.24	88371.20
 9.25	88473.60
 9.25	88576.00
 9.26	88678.40
 9.27	88780.80
 9.28	88883.20
 9.28	88985.60
 9.28	89088.00
 9.31	89190.40
 9.31	89292.80
 9.31	89395.20
 9.32	89497.60
 9.33	89600.00
 9.33	89702.40
 9.34	89804.80
 9.35	89907.20
 9.35	90009.60
 9.36	90112.00
 9.36	90214.40
 9.36	90316.80
 9.37	90419.20
 9.37	90521.60
 9.38	90624.00
 9.39	90726.40
 9.40	90828.80
 9.42	90931.20
 9.42	91033.60
 9.42	91136.00
 9.43	91238.40
 9.43	91340.80
 9.44	91443.20
 9.46	91545.60
 9.47	91648.00
 9.47	91750.40
 9.48	91852.80
 9.48	91955.20
 9.48	92057.60
 9.49	92160.00
 9.49	92262.40
 9.52	92364.80
 9.53	92467.20
 9.53	92569.60
 9.54	92672.00
 9.54	92774.40
 9.55	92876.80
 9.55	92979.20
 9.56	93081.60
 9.56	93184.00
 9.56	93286.40
 9.57	93388.80
 9.58	93491.20
 9.58	93593.60
 9.60	93696.00
 9.61	93798.40
 9.62	93900.80
 9.63	94003.20
 9.66	94105.60
 9.66	94208.00
 9.67	94310.40
 9.68	94412.80
 9.68	94515.20
 9.70	94617.60
 9.71	94720.00
 9.71	94822.40
 9.72	94924.80
 9.72	95027.20
 9.72	95129.60
 9.74	95232.00
 9.74	95334.40
 9.77	95436.80
 9.77	95539.20
 9.80	95641.60
 9.81	95744.00
 9.81	95846.40
 9.81	95948.80
 9.82	96051.20
 9.83	96153.60
 9.83	96256.00
 9.84	96358.40
 9.84	96460.80
 9.85	96563.20
 9.85	96665.60
 9.86	96768.00
 9.86	96870.40
 9.87	96972.80
 9.87	97075.20
 9.87	97177.60
 9.88	97280.00
 9.88	97382.40
 9.89	97484.80
 9.90	97587.20
 9.91	97689.60
 9.92	97792.00
 9.92	97894.40
 9.92	97996.80
 9.93	98099.20
 9.93	98201.60
 9.94	98304.00
 9.94	98406.40
 9.95	98508.80
 9.95	98611.20
 9.95	98713.60
 9.96	98816.00
 9.96	98918.40
 9.97	99020.80
 9.97	99123.20
 9.98	99225.60
 9.99	99328.00
 9.99	99430.40
 10.00	99532.80
 10.00	99635.20
 10.01	99737.60
 10.01	99840.00
 10.01	99942.40
 10.02	100044.80
 10.02	100147.20
 10.03	100249.60
 10.03	100352.00
 10.04	100454.40
 10.04	100556.80
 10.04	100659.20
 10.05	100761.60
 10.05	100864.00
 10.06	100966.40
 10.06	101068.80
 10.07	101171.20
 10.07	101273.60
 10.07	101376.00
 10.08	101478.40
 10.08	101580.80
 10.09	101683.20
 10.09	101785.60
 10.10	101888.00
 10.10	101990.40
 10.10	102092.80
 10.11	102195.20
 10.11	102297.60
 10.12	102400.00
 10.12	102502.40
 10.12	102604.80
 10.13	102707.20
 10.13	102809.60
 10.14	102912.00
 10.14	103014.40
 10.15	103116.80
 10.15	103219.20
 10.15	103321.60
 10.16	103424.00
 10.16	103526.40
 10.17	103628.80
 10.17	103731.20
 10.17	103833.60
 10.20	103936.00
 10.20	104038.40
 10.20	104140.80
 10.22	104243.20
 10.23	104345.60
 10.23	104448.00
 10.24	104550.40
 10.24	104652.80
 10.24	104755.20
 10.25	104857.60
 10.25	104960.00
 10.26	105062.40
 10.26	105164.80
 10.26	105267.20
 10.27	105369.60
 10.27	105472.00
 10.28	105574.40
 10.28	105676.80
 10.29	105779.20
 10.29	105881.60
 10.29	105984.00
 10.30	106086.40
 10.30	106188.80
 10.31	106291.20
 10.31	106393.60
 10.32	106496.00
 10.32	106598.40
 10.32	106700.80
 10.33	106803.20
 10.33	106905.60
 10.34	107008.00
 10.34	107110.40
 10.35	107212.80
 10.35	107315.20
 10.35	107417.60
 10.36	107520.00
 10.36	107622.40
 10.37	107724.80
 10.37	107827.20
 10.37	107929.60
 10.38	108032.00
 10.38	108134.40
 10.39	108236.80
 10.40	108339.20
 10.40	108441.60
 10.41	108544.00
 10.41	108646.40
 10.41	108748.80
 10.42	108851.20
 10.42	108953.60
 10.43	109056.00
 10.43	109158.40
 10.44	109260.80
 10.44	109363.20
 10.44	109465.60
 10.45	109568.00
 10.45	109670.40
 10.46	109772.80
 10.46	109875.20
 10.46	109977.60
 10.47	110080.00
 10.47	110182.40
 10.48	110284.80
 10.48	110387.20
 10.49	110489.60
 10.49	110592.00
 10.50	110694.40
 10.50	110796.80
 10.50	110899.20
 10.51	111001.60
 10.51	111104.00
 10.52	111206.40
 10.52	111308.80
 10.52	111411.20
 10.53	111513.60
 10.53	111616.00
 10.54	111718.40
 10.54	111820.80
 10.55	111923.20
 10.55	112025.60
 10.55	112128.00
 10.56	112230.40
 10.56	112332.80
 10.57	112435.20
 10.57	112537.60
 10.58	112640.00
 10.58	112742.40
 10.58	112844.80
 10.59	112947.20
 10.59	113049.60
 10.60	113152.00
 10.60	113254.40
 10.61	113356.80
 10.61	113459.20
 10.61	113561.60
 10.62	113664.00
 10.62	113766.40
 10.63	113868.80
 10.63	113971.20
 10.64	114073.60
 10.64	114176.00
 10.64	114278.40
 10.65	114380.80
 10.65	114483.20
 10.66	114585.60
 10.66	114688.00
 10.66	114790.40
 10.67	114892.80
 10.67	114995.20
 10.68	115097.60
 10.68	115200.00
 10.69	115302.40
 10.69	115404.80
 10.69	115507.20
 10.70	115609.60
 10.70	115712.00
 10.71	115814.40
 10.71	115916.80
 10.72	116019.20
 10.72	116121.60
 10.72	116224.00
 10.76	116326.40
 10.76	116428.80
 10.76	116531.20
 10.79	116633.60
 10.79	116736.00
 10.80	116838.40
 10.80	116940.80
 10.81	117043.20
 10.82	117145.60
 10.83	117248.00
 10.83	117350.40
 10.83	117452.80
 10.84	117555.20
 10.84	117657.60
 10.85	117760.00
 10.85	117862.40
 10.86	117964.80
 10.86	118067.20
 10.86	118169.60
 10.87	118272.00
 10.87	118374.40
 10.88	118476.80
 10.88	118579.20
 10.89	118681.60
 10.89	118784.00
 10.89	118886.40
 10.90	118988.80
 10.90	119091.20
 10.91	119193.60
 10.91	119296.00
 10.92	119398.40
 10.92	119500.80
 10.92	119603.20
 10.93	119705.60
 10.93	119808.00
 10.94	119910.40
 10.94	120012.80
 10.95	120115.20
 10.95	120217.60
 10.95	120320.00
 10.96	120422.40
 10.96	120524.80
 10.97	120627.20
 10.97	120729.60
 10.97	120832.00
 10.98	120934.40
 10.98	121036.80
 10.99	121139.20
 10.99	121241.60
 11.00	121344.00
 11.00	121446.40
 11.00	121548.80
 11.01	121651.20
 11.01	121753.60
 11.02	121856.00
 11.02	121958.40
 11.03	122060.80
 11.03	122163.20
 11.03	122265.60
 11.04	122368.00
 11.04	122470.40
 11.05	122572.80
 11.05	122675.20
 11.05	122777.60
 11.06	122880.00
 11.06	122982.40
 11.07	123084.80
 11.07	123187.20
 11.08	123289.60
 11.08	123392.00
 11.08	123494.40
 11.09	123596.80
 11.09	123699.20
 11.10	123801.60
 11.12	123904.00
 11.12	124006.40
 11.13	124108.80
 11.14	124211.20
 11.14	124313.60
 11.17	124416.00
 11.17	124518.40
 11.18	124620.80
 11.18	124723.20
 11.19	124825.60
 11.19	124928.00
 11.20	125030.40
 11.20	125132.80
 11.20	125235.20
 11.21	125337.60
 11.21	125440.00
 11.22	125542.40
 11.22	125644.80
 11.23	125747.20
 11.23	125849.60
 11.24	125952.00
 11.24	126054.40
 11.24	126156.80
 11.25	126259.20
 11.25	126361.60
 11.26	126464.00
 11.26	126566.40
 11.27	126668.80
 11.27	126771.20
 11.28	126873.60
 11.28	126976.00
 11.29	127078.40
 11.29	127180.80
 11.29	127283.20
 11.30	127385.60
 11.31	127488.00
 11.32	127590.40
 11.32	127692.80
 11.33	127795.20
 11.35	127897.60
 11.36	128000.00
 11.37	128102.40
 11.37	128204.80
 11.38	128307.20
 11.38	128409.60
 11.38	128512.00
 11.39	128614.40
 11.40	128716.80
 11.40	128819.20
 11.41	128921.60
 11.41	129024.00
 11.42	129126.40
 11.42	129228.80
 11.42	129331.20
 11.43	129433.60
 11.43	129536.00
 11.44	129638.40
 11.44	129740.80
 11.44	129843.20
 11.45	129945.60
 11.45	130048.00
 11.46	130150.40
 11.46	130252.80
 11.47	130355.20
 11.48	130457.60
 11.48	130560.00
 11.48	130662.40
 11.49	130764.80
 11.49	130867.20
 11.50	130969.60
 11.50	131072.00
 11.51	131174.40
 11.51	131276.80
 11.51	131379.20
 11.52	131481.60
 11.52	131584.00
 11.53	131686.40
 11.53	131788.80
 11.54	131891.20
 11.54	131993.60
 11.54	132096.00
 11.55	132198.40
 11.55	132300.80
 11.56	132403.20
 11.56	132505.60
 11.56	132608.00
 11.58	132710.40
 11.58	132812.80
 11.59	132915.20
 11.59	133017.60
 11.60	133120.00
 11.60	133222.40
 11.60	133324.80
 11.61	133427.20
 11.61	133529.60
 11.62	133632.00
 11.62	133734.40
 11.63	133836.80
 11.63	133939.20
 11.63	134041.60
 11.64	134144.00
 11.64	134246.40
 11.65	134348.80
 11.65	134451.20
 11.66	134553.60
 11.66	134656.00
 11.66	134758.40
 11.67	134860.80
 11.67	134963.20
 11.68	135065.60
 11.68	135168.00
 11.68	135270.40
 11.69	135372.80
 11.69	135475.20
 11.70	135577.60
 11.70	135680.00
 11.71	135782.40
 11.71	135884.80
 11.71	135987.20
 11.72	136089.60
 11.72	136192.00
 11.73	136294.40
 11.73	136396.80
 11.74	136499.20
 11.74	136601.60
 11.74	136704.00
 11.75	136806.40
 11.75	136908.80
 11.76	137011.20
 11.76	137113.60
 11.77	137216.00
 11.77	137318.40
 11.77	137420.80
 11.78	137523.20
 11.79	137625.60
 11.79	137728.00
 11.80	137830.40
 11.80	137932.80
 11.81	138035.20
 11.81	138137.60
 11.82	138240.00
 11.82	138342.40
 11.82	138444.80
 11.83	138547.20
 11.84	138649.60
 11.84	138752.00
 11.85	138854.40
 11.85	138956.80
 11.85	139059.20
 11.86	139161.60
 11.86	139264.00
 11.87	139366.40
 11.87	139468.80
 11.88	139571.20
 11.88	139673.60
 11.88	139776.00
 11.89	139878.40
 11.89	139980.80
 11.90	140083.20
 11.90	140185.60
 11.91	140288.00
 11.91	140390.40
 11.91	140492.80
 11.92	140595.20
 11.92	140697.60
 11.93	140800.00
 11.93	140902.40
 11.93	141004.80
 11.94	141107.20
 11.94	141209.60
 11.95	141312.00
 11.95	141414.40
 11.96	141516.80
 11.96	141619.20
 11.96	141721.60
 11.97	141824.00
 11.97	141926.40
 11.98	142028.80
 11.98	142131.20
 11.99	142233.60
 12.01	142336.00
 12.01	142438.40
 12.02	142540.80
 12.03	142643.20
 12.03	142745.60
 12.04	142848.00
 12.04	142950.40
 12.04	143052.80
 12.05	143155.20
 12.05	143257.60
 12.06	143360.00
 12.06	143462.40
 12.07	143564.80
 12.07	143667.20
 12.08	143769.60
 12.09	143872.00
 12.10	143974.40
 12.10	144076.80
 12.10	144179.20
 12.11	144281.60
 12.11	144384.00
 12.12	144486.40
 12.12	144588.80
 12.13	144691.20
 12.13	144793.60
 12.13	144896.00
 12.14	144998.40
 12.14	145100.80
 12.15	145203.20
 12.15	145305.60
 12.16	145408.00
 12.16	145510.40
 12.16	145612.80
 12.17	145715.20
 12.17	145817.60
 12.18	145920.00
 12.18	146022.40
 12.18	146124.80
 12.19	146227.20
 12.19	146329.60
 12.20	146432.00
 12.20	146534.40
 12.21	146636.80
 12.21	146739.20
 12.21	146841.60
 12.22	146944.00
 12.22	147046.40
 12.23	147148.80
 12.23	147251.20
 12.24	147353.60
 12.24	147456.00
 12.24	147558.40
 12.25	147660.80
 12.25	147763.20
 12.26	147865.60
 12.26	147968.00
 12.26	148070.40
 12.27	148172.80
 12.28	148275.20
 12.29	148377.60
 12.30	148480.00
 12.30	148582.40
 12.31	148684.80
 12.31	148787.20
 12.31	148889.60
 12.33	148992.00
 12.33	149094.40
 12.34	149196.80
 12.34	149299.20
 12.35	149401.60
 12.35	149504.00
 12.36	149606.40
 12.37	149708.80
 12.37	149811.20
 12.37	149913.60
 12.38	150016.00
 12.38	150118.40
 12.39	150220.80
 12.40	150323.20
 12.41	150425.60
 12.41	150528.00
 12.41	150630.40
 12.42	150732.80
 12.44	150835.20
 12.45	150937.60
 12.46	151040.00
 12.47	151142.40
 12.49	151244.80
 12.49	151347.20
 12.50	151449.60
 12.50	151552.00
 12.51	151654.40
 12.52	151756.80
 12.52	151859.20
 12.53	151961.60
 12.54	152064.00
 12.54	152166.40
 12.55	152268.80
 12.56	152371.20
 12.58	152473.60
 12.58	152576.00
 12.59	152678.40
 12.60	152780.80
 12.61	152883.20
 12.61	152985.60
 12.62	153088.00
 12.62	153190.40
 12.63	153292.80
 12.63	153395.20
 12.63	153497.60
 12.64	153600.00
 12.65	153702.40
 12.65	153804.80
 12.66	153907.20
 12.66	154009.60
 12.67	154112.00
 12.68	154214.40
 12.70	154316.80
 12.70	154419.20
 12.71	154521.60
 12.71	154624.00
 12.72	154726.40
 12.73	154828.80
 12.73	154931.20
 12.74	155033.60
 12.74	155136.00
 12.74	155238.40
 12.75	155340.80
 12.75	155443.20
 12.76	155545.60
 12.76	155648.00
 12.77	155750.40
 12.77	155852.80
 12.79	155955.20
 12.79	156057.60
 12.80	156160.00
 12.80	156262.40
 12.82	156364.80
 12.83	156467.20
 12.83	156569.60
 12.84	156672.00
 12.85	156774.40
 12.86	156876.80
 12.88	156979.20
 12.88	157081.60
 12.90	157184.00
 12.91	157286.40
 12.91	157388.80
 12.93	157491.20
 12.94	157593.60
 12.97	157696.00
 12.98	157798.40
 12.98	157900.80
 12.98	158003.20
 12.99	158105.60
 13.00	158208.00
 13.00	158310.40
 13.01	158412.80
 13.02	158515.20
 13.02	158617.60
 13.03	158720.00
 13.03	158822.40
 13.04	158924.80
 13.04	159027.20
 13.05	159129.60
 13.05	159232.00
 13.06	159334.40
 13.06	159436.80
 13.06	159539.20
 13.07	159641.60
 13.07	159744.00
 13.08	159846.40
 13.08	159948.80
 13.09	160051.20
 13.09	160153.60
 13.09	160256.00
 13.10	160358.40
 13.10	160460.80
 13.11	160563.20
 13.11	160665.60
 13.12	160768.00
 13.12	160870.40
 13.13	160972.80
 13.14	161075.20
 13.14	161177.60
 13.15	161280.00
 13.15	161382.40
 13.16	161484.80
 13.16	161587.20
 13.16	161689.60
 13.17	161792.00
 13.18	161894.40
 13.19	161996.80
 13.20	162099.20
 13.20	162201.60
 13.21	162304.00
 13.21	162406.40
 13.21	162508.80
 13.22	162611.20
 13.22	162713.60
 13.23	162816.00
 13.26	162918.40
 13.27	163020.80
 13.28	163123.20
 13.28	163225.60
 13.29	163328.00
 13.29	163430.40
 13.29	163532.80
 13.30	163635.20
 13.30	163737.60
 13.31	163840.00
 13.31	163942.40
 13.32	164044.80
 13.32	164147.20
 13.32	164249.60
 13.33	164352.00
 13.33	164454.40
 13.34	164556.80
 13.34	164659.20
 13.35	164761.60
 13.35	164864.00
 13.35	164966.40
 13.36	165068.80
 13.36	165171.20
 13.37	165273.60
 13.37	165376.00
 13.37	165478.40
 13.38	165580.80
 13.38	165683.20
 13.39	165785.60
 13.39	165888.00
 13.40	165990.40
 13.40	166092.80
 13.40	166195.20
 13.41	166297.60
 13.41	166400.00
 13.42	166502.40
 13.42	166604.80
 13.43	166707.20
 13.43	166809.60
 13.43	166912.00
 13.44	167014.40
 13.44	167116.80
 13.45	167219.20
 13.45	167321.60
 13.46	167424.00
 13.46	167526.40
 13.47	167628.80
 13.47	167731.20
 13.47	167833.60
 13.48	167936.00
 13.49	168038.40
 13.50	168140.80
 13.50	168243.20
 13.51	168345.60
 13.51	168448.00
 13.51	168550.40
 13.52	168652.80
 13.52	168755.20
 13.53	168857.60
 13.53	168960.00
 13.54	169062.40
 13.54	169164.80
 13.55	169267.20
 13.55	169369.60
 13.55	169472.00
 13.56	169574.40
 13.56	169676.80
 13.57	169779.20
 13.57	169881.60
 13.58	169984.00
 13.58	170086.40
 13.59	170188.80
 13.60	170291.20
 13.62	170393.60
 13.62	170496.00
 13.63	170598.40
 13.63	170700.80
 13.64	170803.20
 13.64	170905.60
 13.65	171008.00
 13.65	171110.40
 13.65	171212.80
 13.66	171315.20
 13.67	171417.60
 13.68	171520.00
 13.68	171622.40
 13.69	171724.80
 13.69	171827.20
 13.69	171929.60
 13.70	172032.00
 13.70	172134.40
 13.71	172236.80
 13.71	172339.20
 13.72	172441.60
 13.72	172544.00
 13.72	172646.40
 13.73	172748.80
 13.73	172851.20
 13.74	172953.60
 13.74	173056.00
 13.75	173158.40
 13.75	173260.80
 13.75	173363.20
 13.76	173465.60
 13.76	173568.00
 13.77	173670.40
 13.77	173772.80
 13.77	173875.20
 13.78	173977.60
 13.78	174080.00
 13.79	174182.40
 13.79	174284.80
 13.80	174387.20
 13.80	174489.60
 13.80	174592.00
 13.81	174694.40
 13.81	174796.80
 13.82	174899.20
 13.82	175001.60
 13.82	175104.00
 13.83	175206.40
 13.83	175308.80
 13.84	175411.20
 13.84	175513.60
 13.85	175616.00
 13.85	175718.40
 13.85	175820.80
 13.86	175923.20
 13.86	176025.60
 13.87	176128.00
 13.87	176230.40
 13.88	176332.80
 13.88	176435.20
 13.88	176537.60
 13.91	176640.00
 13.91	176742.40
 13.92	176844.80
 13.92	176947.20
 13.92	177049.60
 13.93	177152.00
 13.94	177254.40
 13.96	177356.80
 13.97	177459.20
 13.97	177561.60
 13.97	177664.00
 13.98	177766.40
 13.98	177868.80
 13.99	177971.20
 13.99	178073.60
 14.00	178176.00
 14.00	178278.40
 14.00	178380.80
 14.01	178483.20
 14.01	178585.60
 14.02	178688.00
 14.02	178790.40
 14.02	178892.80
 14.03	178995.20
 14.03	179097.60
 14.04	179200.00
 14.04	179302.40
 14.05	179404.80
 14.05	179507.20
 14.05	179609.60
 14.06	179712.00
 14.06	179814.40
 14.07	179916.80
 14.07	180019.20
 14.08	180121.60
 14.08	180224.00
 14.08	180326.40
 14.09	180428.80
 14.09	180531.20
 14.10	180633.60
 14.10	180736.00
 14.13	180838.40
 14.14	180940.80
 14.15	181043.20
 14.16	181145.60
 14.20	181248.00
 14.21	181350.40
 14.22	181452.80
 14.22	181555.20
 14.23	181657.60
 14.23	181760.00
 14.24	181862.40
 14.25	181964.80
 14.26	182067.20
 14.26	182169.60
 14.27	182272.00
 14.28	182374.40
 14.30	182476.80
 14.31	182579.20
 14.31	182681.60
 14.32	182784.00
 14.32	182886.40
 14.33	182988.80
 14.33	183091.20
 14.33	183193.60
 14.34	183296.00
 14.34	183398.40
 14.36	183500.80
 14.36	183603.20
 14.37	183705.60
 14.42	183808.00
 14.43	183910.40
 14.43	184012.80
 14.44	184115.20
 14.44	184217.60
 14.45	184320.00
 14.46	184422.40
 14.46	184524.80
 14.46	184627.20
 14.47	184729.60
 14.47	184832.00
 14.47	184934.40
 14.48	185036.80
 14.48	185139.20
 14.49	185241.60
 14.49	185344.00
 14.50	185446.40
 14.50	185548.80
 14.53	185651.20
 14.53	185753.60
 14.53	185856.00
 14.54	185958.40
 14.54	186060.80
 14.55	186163.20
 14.55	186265.60
 14.56	186368.00
 14.57	186470.40
 14.58	186572.80
 14.59	186675.20
 14.62	186777.60
 14.65	186880.00
 14.66	186982.40
 14.66	187084.80
 14.66	187187.20
 14.67	187289.60
 14.68	187392.00
 14.68	187494.40
 14.69	187596.80
 14.69	187699.20
 14.70	187801.60
 14.70	187904.00
 14.71	188006.40
 14.71	188108.80
 14.72	188211.20
 14.73	188313.60
 14.73	188416.00
 14.74	188518.40
 14.74	188620.80
 14.75	188723.20
 14.75	188825.60
 14.75	188928.00
 14.76	189030.40
 14.76	189132.80
 14.77	189235.20
 14.77	189337.60
 14.78	189440.00
 14.78	189542.40
 14.78	189644.80
 14.79	189747.20
 14.79	189849.60
 14.80	189952.00
 14.80	190054.40
 14.80	190156.80
 14.81	190259.20
 14.81	190361.60
 14.82	190464.00
 14.82	190566.40
 14.83	190668.80
 14.83	190771.20
 14.83	190873.60
 14.84	190976.00
 14.84	191078.40
 14.85	191180.80
 14.85	191283.20
 14.86	191385.60
 14.86	191488.00
 14.86	191590.40
 14.87	191692.80
 14.87	191795.20
 14.88	191897.60
 14.88	192000.00
 14.89	192102.40
 14.90	192204.80
 14.94	192307.20
 14.94	192409.60
 14.95	192512.00
 14.95	192614.40
 14.96	192716.80
 14.96	192819.20
 14.98	192921.60
 15.00	193024.00
 15.02	193126.40
 15.03	193228.80
 15.03	193331.20
 15.04	193433.60
 15.04	193536.00
 15.05	193638.40
 15.06	193740.80
 15.07	193843.20
 15.08	193945.60
 15.09	194048.00
 15.10	194150.40
 15.10	194252.80
 15.11	194355.20
 15.11	194457.60
 15.11	194560.00
 15.14	194662.40
 15.14	194764.80
 15.15	194867.20
 15.15	194969.60
 15.18	195072.00
 15.18	195174.40
 15.20	195276.80
 15.20	195379.20
 15.20	195481.60
 15.21	195584.00
 15.22	195686.40
 15.23	195788.80
 15.23	195891.20
 15.23	195993.60
 15.26	196096.00
 15.26	196198.40
 15.27	196300.80
 15.28	196403.20
 15.28	196505.60
 15.29	196608.00
 15.29	196710.40
 15.30	196812.80
 15.30	196915.20
 15.31	197017.60
 15.31	197120.00
 15.32	197222.40
 15.32	197324.80
 15.33	197427.20
 15.33	197529.60
 15.33	197632.00
 15.34	197734.40
 15.34	197836.80
 15.35	197939.20
 15.35	198041.60
 15.37	198144.00
 15.38	198246.40
 15.38	198348.80
 15.39	198451.20
 15.42	198553.60
 15.43	198656.00
 15.44	198758.40
 15.46	198860.80
 15.46	198963.20
 15.46	199065.60
 15.48	199168.00
 15.49	199270.40
 15.49	199372.80
 15.50	199475.20
 15.50	199577.60
 15.51	199680.00
 15.51	199782.40
 15.52	199884.80
 15.52	199987.20
 15.52	200089.60
 15.53	200192.00
 15.54	200294.40
 15.55	200396.80
 15.55	200499.20
 15.56	200601.60
 15.57	200704.00
 15.57	200806.40
 15.59	200908.80
 15.59	201011.20
 15.60	201113.60
 15.60	201216.00
 15.61	201318.40
 15.61	201420.80
 15.62	201523.20
 15.62	201625.60
 15.63	201728.00
 15.64	201830.40
 15.65	201932.80
 15.65	202035.20
 15.66	202137.60
 15.66	202240.00
 15.67	202342.40
 15.67	202444.80
 15.68	202547.20
 15.68	202649.60
 15.69	202752.00
 15.69	202854.40
 15.70	202956.80
 15.71	203059.20
 15.73	203161.60
 15.73	203264.00
 15.73	203366.40
 15.74	203468.80
 15.75	203571.20
 15.75	203673.60
 15.76	203776.00
 15.76	203878.40
 15.77	203980.80
 15.78	204083.20
 15.78	204185.60
 15.78	204288.00
 15.79	204390.40
 15.80	204492.80
 15.81	204595.20
 15.81	204697.60
 15.83	204800.00
 15.84	204902.40
 15.84	205004.80
 15.84	205107.20
 15.85	205209.60
 15.85	205312.00
 15.86	205414.40
 15.86	205516.80
 15.87	205619.20
 15.88	205721.60
 15.89	205824.00
 15.90	205926.40
 15.90	206028.80
 15.91	206131.20
 15.91	206233.60
 15.92	206336.00
 15.92	206438.40
 15.93	206540.80
 15.93	206643.20
 15.94	206745.60
 15.95	206848.00
 15.95	206950.40
 15.96	207052.80
 15.97	207155.20
 15.97	207257.60
 15.97	207360.00
 15.98	207462.40
 15.98	207564.80
 15.99	207667.20
 16.00	207769.60
 16.01	207872.00
 16.01	207974.40
 16.02	208076.80
 16.03	208179.20
 16.05	208281.60
 16.06	208384.00
 16.06	208486.40
 16.06	208588.80
 16.07	208691.20
 16.07	208793.60
 16.08	208896.00
 16.09	208998.40
 16.09	209100.80
 16.10	209203.20
 16.10	209305.60
 16.11	209408.00
 16.11	209510.40
 16.12	209612.80
 16.12	209715.20
 16.12	209817.60
 16.13	209920.00
 16.13	210022.40
 16.14	210124.80
 16.14	210227.20
 16.15	210329.60
 16.15	210432.00
 16.15	210534.40
 16.16	210636.80
 16.16	210739.20
 16.17	210841.60
 16.17	210944.00
 16.18	211046.40
 16.18	211148.80
 16.18	211251.20
 16.19	211353.60
 16.19	211456.00
 16.20	211558.40
 16.20	211660.80
 16.20	211763.20
 16.22	211865.60
 16.22	211968.00
 16.23	212070.40
 16.23	212172.80
 16.24	212275.20
 16.24	212377.60
 16.25	212480.00
 16.25	212582.40
 16.25	212684.80
 16.26	212787.20
 16.26	212889.60
 16.27	212992.00
 16.27	213094.40
 16.27	213196.80
 16.28	213299.20
 16.28	213401.60
 16.29	213504.00
 16.29	213606.40
 16.30	213708.80
 16.30	213811.20
 16.30	213913.60
 16.31	214016.00
 16.31	214118.40
 16.32	214220.80
 16.32	214323.20
 16.33	214425.60
 16.33	214528.00
 16.33	214630.40
 16.34	214732.80
 16.34	214835.20
 16.35	214937.60
 16.35	215040.00
 16.36	215142.40
 16.36	215244.80
 16.36	215347.20
 16.37	215449.60
 16.37	215552.00
 16.38	215654.40
 16.38	215756.80
 16.38	215859.20
 16.39	215961.60
 16.39	216064.00
 16.40	216166.40
 16.40	216268.80
 16.40	216371.20
 16.41	216473.60
 16.41	216576.00
 16.42	216678.40
 16.42	216780.80
 16.43	216883.20
 16.43	216985.60
 16.43	217088.00
 16.44	217190.40
 16.44	217292.80
 16.45	217395.20
 16.45	217497.60
 16.46	217600.00
 16.46	217702.40
 16.46	217804.80
 16.47	217907.20
 16.47	218009.60
 16.48	218112.00
 16.48	218214.40
 16.49	218316.80
 16.49	218419.20
 16.49	218521.60
 16.50	218624.00
 16.50	218726.40
 16.51	218828.80
 16.51	218931.20
 16.51	219033.60
 16.52	219136.00
 16.52	219238.40
 16.53	219340.80
 16.53	219443.20
 16.54	219545.60
 16.54	219648.00
 16.54	219750.40
 16.55	219852.80
 16.55	219955.20
 16.56	220057.60
 16.57	220160.00
 16.57	220262.40
 16.57	220364.80
 16.58	220467.20
 16.58	220569.60
 16.59	220672.00
 16.59	220774.40
 16.60	220876.80
 16.60	220979.20
 16.60	221081.60
 16.61	221184.00
 16.62	221286.40
 16.62	221388.80
 16.63	221491.20
 16.63	221593.60
 16.64	221696.00
 16.64	221798.40
 16.65	221900.80
 16.65	222003.20
 16.65	222105.60
 16.66	222208.00
 16.66	222310.40
 16.67	222412.80
 16.67	222515.20
 16.68	222617.60
 16.68	222720.00
 16.69	222822.40
 16.69	222924.80
 16.70	223027.20
 16.70	223129.60
 16.71	223232.00
 16.72	223334.40
 16.72	223436.80
 16.73	223539.20
 16.74	223641.60
 16.77	223744.00
 16.79	223846.40
 16.81	223948.80
 16.84	224051.20
 16.84	224153.60
 16.87	224256.00
 16.87	224358.40
 16.89	224460.80
 16.90	224563.20
 16.91	224665.60
 16.92	224768.00
 16.92	224870.40
 16.93	224972.80
 16.93	225075.20
 16.94	225177.60
 16.94	225280.00
 16.95	225382.40
 16.95	225484.80
 16.95	225587.20
 16.96	225689.60
 16.96	225792.00
 16.97	225894.40
 16.97	225996.80
 16.98	226099.20
 16.98	226201.60
 16.99	226304.00
 16.99	226406.40
 17.00	226508.80
 17.01	226611.20
 17.01	226713.60
 17.01	226816.00
 17.02	226918.40
 17.02	227020.80
 17.03	227123.20
 17.03	227225.60
 17.04	227328.00
 17.04	227430.40
 17.05	227532.80
 17.05	227635.20
 17.05	227737.60
 17.06	227840.00
 17.06	227942.40
 17.07	228044.80
 17.07	228147.20
 17.08	228249.60
 17.08	228352.00
 17.08	228454.40
 17.09	228556.80
 17.09	228659.20
 17.10	228761.60
 17.10	228864.00
 17.11	228966.40
 17.11	229068.80
 17.11	229171.20
 17.12	229273.60
 17.12	229376.00
 17.13	229478.40
 17.13	229580.80
 17.13	229683.20
 17.14	229785.60
 17.14	229888.00
 17.15	229990.40
 17.15	230092.80
 17.16	230195.20
 17.16	230297.60
 17.17	230400.00
 17.17	230502.40
 17.17	230604.80
 17.18	230707.20
 17.18	230809.60
 17.19	230912.00
 17.19	231014.40
 17.20	231116.80
 17.20	231219.20
 17.20	231321.60
 17.21	231424.00
 17.21	231526.40
 17.22	231628.80
 17.22	231731.20
 17.23	231833.60
 17.23	231936.00
 17.23	232038.40
 17.24	232140.80
 17.24	232243.20
 17.25	232345.60
 17.25	232448.00
 17.25	232550.40
 17.26	232652.80
 17.27	232755.20
 17.27	232857.60
 17.28	232960.00
 17.28	233062.40
 17.28	233164.80
 17.29	233267.20
 17.29	233369.60
 17.30	233472.00
 17.30	233574.40
 17.30	233676.80
 17.31	233779.20
 17.31	233881.60
 17.34	233984.00
 17.35	234086.40
 17.35	234188.80
 17.36	234291.20
 17.36	234393.60
 17.37	234496.00
 17.37	234598.40
 17.37	234700.80
 17.38	234803.20
 17.38	234905.60
 17.39	235008.00
 17.40	235110.40
 17.42	235212.80
 17.43	235315.20
 17.43	235417.60
 17.46	235520.00
 17.46	235622.40
 17.47	235724.80
 17.48	235827.20
 17.48	235929.60
 17.50	236032.00
 17.51	236134.40
 17.52	236236.80
 17.53	236339.20
 17.57	236441.60
 17.57	236544.00
 17.58	236646.40
 17.58	236748.80
 17.59	236851.20
 17.59	236953.60
 17.59	237056.00
 17.60	237158.40
 17.60	237260.80
 17.61	237363.20
 17.61	237465.60
 17.62	237568.00
 17.62	237670.40
 17.62	237772.80
 17.63	237875.20
 17.63	237977.60
 17.64	238080.00
 17.64	238182.40
 17.64	238284.80
 17.65	238387.20
 17.65	238489.60
 17.66	238592.00
 17.66	238694.40
 17.67	238796.80
 17.67	238899.20
 17.67	239001.60
 17.68	239104.00
 17.68	239206.40
 17.69	239308.80
 17.69	239411.20
 17.70	239513.60
 17.70	239616.00
 17.71	239718.40
 17.71	239820.80
 17.72	239923.20
 17.75	240025.60
 17.76	240128.00
 17.76	240230.40
 17.77	240332.80
 17.79	240435.20
 17.80	240537.60
 17.80	240640.00
 17.81	240742.40
 17.82	240844.80
 17.82	240947.20
 17.83	241049.60
 17.83	241152.00
 17.84	241254.40
 17.84	241356.80
 17.85	241459.20
 17.85	241561.60
 17.86	241664.00
 17.86	241766.40
 17.87	241868.80
 17.88	241971.20
 17.88	242073.60
 17.89	242176.00
 17.89	242278.40
 17.90	242380.80
 17.90	242483.20
 17.93	242585.60
 17.93	242688.00
 17.94	242790.40
 17.95	242892.80
 17.95	242995.20
 17.95	243097.60
 17.96	243200.00
 17.96	243302.40
 17.98	243404.80
 17.98	243507.20
 17.99	243609.60
 17.99	243712.00
 18.00	243814.40
 18.00	243916.80
 18.01	244019.20
 18.01	244121.60
 18.02	244224.00
 18.03	244326.40
 18.03	244428.80
 18.04	244531.20
 18.04	244633.60
 18.09	244736.00
 18.09	244838.40
 18.09	244940.80
 18.10	245043.20
 18.10	245145.60
 18.11	245248.00
 18.11	245350.40
 18.12	245452.80
 18.12	245555.20
 18.12	245657.60
 18.13	245760.00
 18.13	245862.40
 18.14	245964.80
 18.16	246067.20
 18.17	246169.60
 18.18	246272.00
 18.18	246374.40
 18.19	246476.80
 18.19	246579.20
 18.20	246681.60
 18.21	246784.00
 18.21	246886.40
 18.22	246988.80
 18.24	247091.20
 18.24	247193.60
 18.24	247296.00
 18.26	247398.40
 18.27	247500.80
 18.28	247603.20
 18.28	247705.60
 18.29	247808.00
 18.29	247910.40
 18.30	248012.80
 18.31	248115.20
 18.31	248217.60
 18.32	248320.00
 18.32	248422.40
 18.33	248524.80
 18.34	248627.20
 18.34	248729.60
 18.35	248832.00
 18.35	248934.40
 18.36	249036.80
 18.36	249139.20
 18.36	249241.60
 18.37	249344.00
 18.37	249446.40
 18.38	249548.80
 18.38	249651.20
 18.39	249753.60
 18.40	249856.00
 18.41	249958.40
 18.41	250060.80
 18.42	250163.20
 18.42	250265.60
 18.43	250368.00
 18.43	250470.40
 18.44	250572.80
 18.44	250675.20
 18.44	250777.60
 18.45	250880.00
 18.45	250982.40
 18.46	251084.80
 18.46	251187.20
 18.46	251289.60
 18.47	251392.00
 18.47	251494.40
 18.48	251596.80
 18.48	251699.20
 18.49	251801.60
 18.49	251904.00
 18.49	252006.40
 18.50	252108.80
 18.50	252211.20
 18.51	252313.60
 18.51	252416.00
 18.52	252518.40
 18.52	252620.80
 18.52	252723.20
 18.53	252825.60
 18.53	252928.00
 18.54	253030.40
 18.54	253132.80
 18.55	253235.20
 18.55	253337.60
 18.56	253440.00
 18.56	253542.40
 18.56	253644.80
 18.57	253747.20
 18.57	253849.60
 18.58	253952.00
 18.58	254054.40
 18.58	254156.80
 18.59	254259.20
 18.59	254361.60
 18.60	254464.00
 18.60	254566.40
 18.61	254668.80
 18.61	254771.20
 18.61	254873.60
 18.62	254976.00
 18.63	255078.40
 18.63	255180.80
 18.64	255283.20
 18.65	255385.60
 18.65	255488.00
 18.65	255590.40
 18.66	255692.80
 18.66	255795.20
 18.67	255897.60
 18.67	256000.00
 18.68	256102.40
 18.68	256204.80
 18.68	256307.20
 18.69	256409.60
 18.69	256512.00
 18.70	256614.40
 18.70	256716.80
 18.71	256819.20
 18.71	256921.60
 18.71	257024.00
 18.72	257126.40
 18.72	257228.80
 18.73	257331.20
 18.73	257433.60
 18.73	257536.00
 18.74	257638.40
 18.74	257740.80
 18.75	257843.20
 18.75	257945.60
 18.76	258048.00
 18.76	258150.40
 18.76	258252.80
 18.77	258355.20
 18.77	258457.60
 18.78	258560.00
 18.78	258662.40
 18.79	258764.80
 18.79	258867.20
 18.79	258969.60
 18.80	259072.00
 18.80	259174.40
 18.81	259276.80
 18.81	259379.20
 18.81	259481.60
 18.82	259584.00
 18.82	259686.40
 18.83	259788.80
 18.83	259891.20
 18.84	259993.60
 18.84	260096.00
 18.84	260198.40
 18.85	260300.80
 18.85	260403.20
 18.86	260505.60
 18.86	260608.00
 18.87	260710.40
 18.87	260812.80
 18.87	260915.20
 18.88	261017.60
 18.88	261120.00
 18.89	261222.40
 18.89	261324.80
 18.90	261427.20
 18.90	261529.60
 18.90	261632.00
 18.91	261734.40
 18.91	261836.80
 18.92	261939.20
 18.92	262041.60
 18.93	262144.00
 18.93	262246.40
 18.93	262348.80
 18.94	262451.20
 18.94	262553.60
 18.95	262656.00
 18.95	262758.40
 18.96	262860.80
 18.96	262963.20
 18.96	263065.60
 18.97	263168.00
 18.97	263270.40
 18.98	263372.80
 18.98	263475.20
 18.99	263577.60
 18.99	263680.00
 18.99	263782.40
 19.00	263884.80
 19.00	263987.20
 19.01	264089.60
 19.01	264192.00
 19.02	264294.40
 19.02	264396.80
 19.02	264499.20
 19.03	264601.60
 19.03	264704.00
 19.04	264806.40
 19.04	264908.80
 19.05	265011.20
 19.05	265113.60
 19.05	265216.00
 19.06	265318.40
 19.06	265420.80
 19.07	265523.20
 19.07	265625.60
 19.07	265728.00
 19.08	265830.40
 19.08	265932.80
 19.09	266035.20
 19.09	266137.60
 19.10	266240.00
 19.10	266342.40
 19.11	266444.80
 19.11	266547.20
 19.11	266649.60
 19.12	266752.00
 19.12	266854.40
 19.13	266956.80
 19.13	267059.20
 19.14	267161.60
 19.14	267264.00
 19.15	267366.40
 19.15	267468.80
 19.15	267571.20
 19.17	267673.60
 19.17	267776.00
 19.18	267878.40
 19.18	267980.80
 19.19	268083.20
 19.19	268185.60
 19.20	268288.00
 19.20	268390.40
 19.20	268492.80
 19.21	268595.20
 19.22	268697.60
 19.22	268800.00
 19.23	268902.40
 19.23	269004.80
 19.24	269107.20
 19.24	269209.60
 19.25	269312.00
 19.25	269414.40
 19.25	269516.80
 19.26	269619.20
 19.26	269721.60
 19.27	269824.00
 19.27	269926.40
 19.27	270028.80
 19.28	270131.20
 19.28	270233.60
 19.29	270336.00
 19.29	270438.40
 19.30	270540.80
 19.30	270643.20
 19.30	270745.60
 19.31	270848.00
 19.31	270950.40
 19.32	271052.80
 19.32	271155.20
 19.33	271257.60
 19.33	271360.00
 19.34	271462.40
 19.34	271564.80
 19.34	271667.20
 19.35	271769.60
 19.35	271872.00
 19.36	271974.40
 19.36	272076.80
 19.37	272179.20
 19.37	272281.60
 19.37	272384.00
 19.38	272486.40
 19.38	272588.80
 19.39	272691.20
 19.39	272793.60
 19.39	272896.00
 19.40	272998.40
 19.40	273100.80
 19.41	273203.20
 19.41	273305.60
 19.42	273408.00
 19.42	273510.40
 19.42	273612.80
 19.43	273715.20
 19.43	273817.60
 19.44	273920.00
 19.44	274022.40
 19.45	274124.80
 19.45	274227.20
 19.46	274329.60
 19.46	274432.00
 19.46	274534.40
 19.47	274636.80
 19.47	274739.20
 19.48	274841.60
 19.48	274944.00
 19.49	275046.40
 19.49	275148.80
 19.49	275251.20
 19.50	275353.60
 19.50	275456.00
 19.51	275558.40
 19.51	275660.80
 19.52	275763.20
 19.52	275865.60
 19.52	275968.00
 19.53	276070.40
 19.53	276172.80
 19.54	276275.20
 19.54	276377.60
 19.54	276480.00
 19.55	276582.40
 19.55	276684.80
 19.56	276787.20
 19.56	276889.60
 19.57	276992.00
 19.57	277094.40
 19.58	277196.80
 19.58	277299.20
 19.59	277401.60
 19.62	277504.00
 19.62	277606.40
 19.63	277708.80
 19.64	277811.20
 19.64	277913.60
 19.66	278016.00
 19.66	278118.40
 19.67	278220.80
 19.67	278323.20
 19.68	278425.60
 19.69	278528.00
 19.69	278630.40
 19.69	278732.80
 19.70	278835.20
 19.71	278937.60
 19.71	279040.00
 19.72	279142.40
 19.73	279244.80
 19.73	279347.20
 19.74	279449.60
 19.75	279552.00
 19.76	279654.40
 19.76	279756.80
 19.77	279859.20
 19.78	279961.60
 19.78	280064.00
 19.79	280166.40
 19.79	280268.80
 19.80	280371.20
 19.80	280473.60
 19.81	280576.00
 19.81	280678.40
 19.82	280780.80
 19.86	280883.20
 19.87	280985.60
 19.87	281088.00
 19.87	281190.40
 19.88	281292.80
 19.88	281395.20
 19.89	281497.60
 19.89	281600.00
 19.89	281702.40
 19.92	281804.80
 19.92	281907.20
 19.92	282009.60
 19.94	282112.00
 19.95	282214.40
 19.97	282316.80
 19.98	282419.20
 20.00	282521.60
