 2.05	166.40
 2.08	332.80
 2.09	499.20
 2.16	665.60
 2.26	832.00
 2.32	998.40
 2.34	1164.80
 2.34	1331.20
 2.36	1497.60
 2.38	1664.00
 2.39	1830.40
 2.42	1996.80
 2.47	2163.20
 2.50	2329.60
 2.53	2496.00
 2.54	2662.40
 2.56	2828.80
 2.57	2995.20
 2.57	3161.60
 2.58	3328.00
 2.58	3494.40
 2.59	3660.80
 2.60	3827.20
 2.61	3993.60
 2.62	4160.00
 2.65	4326.40
 2.65	4492.80
 2.66	4659.20
 2.66	4825.60
 2.68	4992.00
 2.69	5158.40
 2.70	5324.80
 2.70	5491.20
 2.71	5657.60
 2.72	5824.00
 2.73	5990.40
 2.75	6156.80
 2.76	6323.20
 2.76	6489.60
 2.77	6656.00
 2.81	6822.40
 2.81	6988.80
 2.82	7155.20
 2.83	7321.60
 2.83	7488.00
 2.84	7654.40
 2.85	7820.80
 2.86	7987.20
 2.87	8153.60
 2.87	8320.00
 2.89	8486.40
 2.89	8652.80
 2.90	8819.20
 2.92	8985.60
 2.92	9152.00
 2.93	9318.40
 2.93	9484.80
 2.94	9651.20
 2.96	9817.60
 2.96	9984.00
 2.98	10150.40
 2.99	10316.80
 3.00	10483.20
 3.03	10649.60
 3.04	10816.00
 3.05	10982.40
 3.06	11148.80
 3.08	11315.20
 3.09	11481.60
 3.10	11648.00
 3.11	11814.40
 3.13	11980.80
 3.14	12147.20
 3.18	12313.60
 3.19	12480.00
 3.20	12646.40
 3.21	12812.80
 3.22	12979.20
 3.22	13145.60
 3.23	13312.00
 3.26	13478.40
 3.27	13644.80
 3.28	13811.20
 3.29	13977.60
 3.30	14144.00
 3.33	14310.40
 3.33	14476.80
 3.34	14643.20
 3.36	14809.60
 3.37	14976.00
 3.39	15142.40
 3.40	15308.80
 3.40	15475.20
 3.42	15641.60
 3.43	15808.00
 3.44	15974.40
 3.48	16140.80
 3.48	16307.20
 3.51	16473.60
 3.51	16640.00
 3.52	16806.40
 3.53	16972.80
 3.54	17139.20
 3.55	17305.60
 3.56	17472.00
 3.57	17638.40
 3.60	17804.80
 3.61	17971.20
 3.61	18137.60
 3.62	18304.00
 3.63	18470.40
 3.63	18636.80
 3.65	18803.20
 3.65	18969.60
 3.67	19136.00
 3.68	19302.40
 3.71	19468.80
 3.72	19635.20
 3.74	19801.60
 3.75	19968.00
 3.76	20134.40
 3.77	20300.80
 3.79	20467.20
 3.79	20633.60
 3.80	20800.00
 3.83	20966.40
 3.84	21132.80
 3.86	21299.20
 3.87	21465.60
 3.93	21632.00
 3.94	21798.40
 3.97	21964.80
 3.99	22131.20
 4.00	22297.60
 4.02	22464.00
 4.05	22630.40
 4.07	22796.80
 4.08	22963.20
 4.09	23129.60
 4.12	23296.00
 4.12	23462.40
 4.13	23628.80
 4.14	23795.20
 4.14	23961.60
 4.15	24128.00
 4.15	24294.40
 4.16	24460.80
 4.17	24627.20
 4.20	24793.60
 4.23	24960.00
 4.26	25126.40
 4.33	25292.80
 4.34	25459.20
 4.34	25625.60
 4.36	25792.00
 4.37	25958.40
 4.38	26124.80
 4.38	26291.20
 4.44	26457.60
 4.46	26624.00
 4.47	26790.40
 4.49	26956.80
 4.49	27123.20
 4.51	27289.60
 4.52	27456.00
 4.53	27622.40
 4.53	27788.80
 4.54	27955.20
 4.57	28121.60
 4.58	28288.00
 4.59	28454.40
 4.64	28620.80
 4.67	28787.20
 4.72	28953.60
 4.76	29120.00
 4.77	29286.40
 4.80	29452.80
 4.81	29619.20
 4.84	29785.60
 4.86	29952.00
 4.88	30118.40
 4.89	30284.80
 4.90	30451.20
 4.91	30617.60
 4.93	30784.00
 4.94	30950.40
 4.96	31116.80
 4.96	31283.20
 5.00	31449.60
 5.01	31616.00
 5.02	31782.40
 5.03	31948.80
 5.04	32115.20
 5.06	32281.60
 5.07	32448.00
 5.07	32614.40
 5.09	32780.80
 5.10	32947.20
 5.11	33113.60
 5.12	33280.00
 5.13	33446.40
 5.13	33612.80
 5.14	33779.20
 5.16	33945.60
 5.17	34112.00
 5.18	34278.40
 5.22	34444.80
 5.23	34611.20
 5.31	34777.60
 5.32	34944.00
 5.33	35110.40
 5.33	35276.80
 5.34	35443.20
 5.35	35609.60
 5.36	35776.00
 5.37	35942.40
 5.38	36108.80
 5.39	36275.20
 5.43	36441.60
 5.45	36608.00
 5.48	36774.40
 5.49	36940.80
 5.49	37107.20
 5.50	37273.60
 5.50	37440.00
 5.54	37606.40
 5.55	37772.80
 5.57	37939.20
 5.58	38105.60
 5.58	38272.00
 5.59	38438.40
 5.67	38604.80
 5.68	38771.20
 5.72	38937.60
 5.72	39104.00
 5.75	39270.40
 5.77	39436.80
 5.77	39603.20
 5.78	39769.60
 5.78	39936.00
 5.79	40102.40
 5.79	40268.80
 5.82	40435.20
 5.82	40601.60
 5.83	40768.00
 5.84	40934.40
 5.85	41100.80
 5.86	41267.20
 5.87	41433.60
 5.87	41600.00
 5.88	41766.40
 5.89	41932.80
 5.90	42099.20
 5.91	42265.60
 5.92	42432.00
 5.92	42598.40
 5.93	42764.80
 5.95	42931.20
 5.95	43097.60
 5.96	43264.00
 5.97	43430.40
 5.99	43596.80
 5.99	43763.20
 6.00	43929.60
 6.01	44096.00
 6.01	44262.40
 6.02	44428.80
 6.02	44595.20
 6.03	44761.60
 6.03	44928.00
 6.06	45094.40
 6.07	45260.80
 6.07	45427.20
 6.08	45593.60
 6.08	45760.00
 6.10	45926.40
 6.13	46092.80
 6.14	46259.20
 6.15	46425.60
 6.15	46592.00
 6.16	46758.40
 6.16	46924.80
 6.17	47091.20
 6.17	47257.60
 6.19	47424.00
 6.19	47590.40
 6.20	47756.80
 6.22	47923.20
 6.23	48089.60
 6.24	48256.00
 6.25	48422.40
 6.26	48588.80
 6.26	48755.20
 6.27	48921.60
 6.28	49088.00
 6.29	49254.40
 6.29	49420.80
 6.30	49587.20
 6.31	49753.60
 6.32	49920.00
 6.33	50086.40
 6.33	50252.80
 6.34	50419.20
 6.35	50585.60
 6.35	50752.00
 6.37	50918.40
 6.37	51084.80
 6.38	51251.20
 6.40	51417.60
 6.41	51584.00
 6.42	51750.40
 6.42	51916.80
 6.43	52083.20
 6.44	52249.60
 6.45	52416.00
 6.45	52582.40
 6.46	52748.80
 6.46	52915.20
 6.47	53081.60
 6.50	53248.00
 6.51	53414.40
 6.52	53580.80
 6.52	53747.20
 6.54	53913.60
 6.55	54080.00
 6.56	54246.40
 6.58	54412.80
 6.58	54579.20
 6.59	54745.60
 6.60	54912.00
 6.60	55078.40
 6.62	55244.80
 6.63	55411.20
 6.64	55577.60
 6.65	55744.00
 6.66	55910.40
 6.67	56076.80
 6.67	56243.20
 6.68	56409.60
 6.69	56576.00
 6.70	56742.40
 6.71	56908.80
 6.72	57075.20
 6.73	57241.60
 6.74	57408.00
 6.75	57574.40
 6.76	57740.80
 6.77	57907.20
 6.80	58073.60
 6.80	58240.00
 6.81	58406.40
 6.81	58572.80
 6.82	58739.20
 6.82	58905.60
 6.83	59072.00
 6.84	59238.40
 6.85	59404.80
 6.86	59571.20
 6.87	59737.60
 6.87	59904.00
 6.89	60070.40
 6.90	60236.80
 6.90	60403.20
 6.91	60569.60
 6.94	60736.00
 6.95	60902.40
 6.96	61068.80
 6.97	61235.20
 6.97	61401.60
 6.98	61568.00
 6.98	61734.40
 6.99	61900.80
 7.00	62067.20
 7.00	62233.60
 7.01	62400.00
 7.03	62566.40
 7.04	62732.80
 7.04	62899.20
 7.05	63065.60
 7.05	63232.00
 7.06	63398.40
 7.06	63564.80
 7.07	63731.20
 7.09	63897.60
 7.10	64064.00
 7.11	64230.40
 7.11	64396.80
 7.12	64563.20
 7.12	64729.60
 7.13	64896.00
 7.13	65062.40
 7.14	65228.80
 7.15	65395.20
 7.16	65561.60
 7.17	65728.00
 7.17	65894.40
 7.18	66060.80
 7.18	66227.20
 7.19	66393.60
 7.19	66560.00
 7.20	66726.40
 7.21	66892.80
 7.21	67059.20
 7.22	67225.60
 7.22	67392.00
 7.23	67558.40
 7.23	67724.80
 7.24	67891.20
 7.25	68057.60
 7.26	68224.00
 7.26	68390.40
 7.27	68556.80
 7.27	68723.20
 7.28	68889.60
 7.29	69056.00
 7.29	69222.40
 7.30	69388.80
 7.30	69555.20
 7.31	69721.60
 7.32	69888.00
 7.32	70054.40
 7.33	70220.80
 7.33	70387.20
 7.34	70553.60
 7.36	70720.00
 7.36	70886.40
 7.37	71052.80
 7.38	71219.20
 7.38	71385.60
 7.39	71552.00
 7.40	71718.40
 7.41	71884.80
 7.41	72051.20
 7.42	72217.60
 7.43	72384.00
 7.43	72550.40
 7.44	72716.80
 7.45	72883.20
 7.46	73049.60
 7.47	73216.00
 7.48	73382.40
 7.49	73548.80
 7.55	73715.20
 7.56	73881.60
 7.57	74048.00
 7.58	74214.40
 7.59	74380.80
 7.60	74547.20
 7.64	74713.60
 7.65	74880.00
 7.70	75046.40
 7.71	75212.80
 7.73	75379.20
 7.77	75545.60
 7.79	75712.00
 7.84	75878.40
 7.86	76044.80
 7.87	76211.20
 7.87	76377.60
 7.89	76544.00
 7.90	76710.40
 7.92	76876.80
 7.93	77043.20
 7.94	77209.60
 7.95	77376.00
 7.96	77542.40
 7.96	77708.80
 7.97	77875.20
 7.98	78041.60
 7.99	78208.00
 7.99	78374.40
 8.00	78540.80
 8.00	78707.20
 8.01	78873.60
 8.02	79040.00
 8.02	79206.40
 8.03	79372.80
 8.03	79539.20
 8.04	79705.60
 8.04	79872.00
 8.05	80038.40
 8.06	80204.80
 8.06	80371.20
 8.07	80537.60
 8.07	80704.00
 8.08	80870.40
 8.08	81036.80
 8.09	81203.20
 8.10	81369.60
 8.10	81536.00
 8.11	81702.40
 8.13	81868.80
 8.13	82035.20
 8.15	82201.60
 8.15	82368.00
 8.16	82534.40
 8.16	82700.80
 8.17	82867.20
 8.17	83033.60
 8.18	83200.00
 8.19	83366.40
 8.19	83532.80
 8.20	83699.20
 8.20	83865.60
 8.21	84032.00
 8.22	84198.40
 8.22	84364.80
 8.23	84531.20
 8.23	84697.60
 8.24	84864.00
 8.25	85030.40
 8.25	85196.80
 8.26	85363.20
 8.26	85529.60
 8.27	85696.00
 8.28	85862.40
 8.29	86028.80
 8.30	86195.20
 8.32	86361.60
 8.32	86528.00
 8.33	86694.40
 8.33	86860.80
 8.34	87027.20
 8.36	87193.60
 8.36	87360.00
 8.37	87526.40
 8.39	87692.80
 8.40	87859.20
 8.41	88025.60
 8.42	88192.00
 8.43	88358.40
 8.43	88524.80
 8.44	88691.20
 8.45	88857.60
 8.45	89024.00
 8.46	89190.40
 8.46	89356.80
 8.47	89523.20
 8.48	89689.60
 8.48	89856.00
 8.49	90022.40
 8.49	90188.80
 8.50	90355.20
 8.50	90521.60
 8.51	90688.00
 8.52	90854.40
 8.52	91020.80
 8.53	91187.20
 8.53	91353.60
 8.54	91520.00
 8.54	91686.40
 8.55	91852.80
 8.56	92019.20
 8.56	92185.60
 8.57	92352.00
 8.57	92518.40
 8.58	92684.80
 8.59	92851.20
 8.59	93017.60
 8.60	93184.00
 8.60	93350.40
 8.61	93516.80
 8.61	93683.20
 8.62	93849.60
 8.63	94016.00
 8.63	94182.40
 8.64	94348.80
 8.64	94515.20
 8.65	94681.60
 8.66	94848.00
 8.66	95014.40
 8.67	95180.80
 8.67	95347.20
 8.68	95513.60
 8.68	95680.00
 8.71	95846.40
 8.71	96012.80
 8.72	96179.20
 8.73	96345.60
 8.74	96512.00
 8.74	96678.40
 8.75	96844.80
 8.75	97011.20
 8.76	97177.60
 8.77	97344.00
 8.79	97510.40
 8.80	97676.80
 8.80	97843.20
 8.81	98009.60
 8.81	98176.00
 8.82	98342.40
 8.82	98508.80
 8.83	98675.20
 8.84	98841.60
 8.84	99008.00
 8.86	99174.40
 8.87	99340.80
 8.87	99507.20
 8.88	99673.60
 8.88	99840.00
 8.90	100006.40
 8.91	100172.80
 8.92	100339.20
 8.95	100505.60
 8.96	100672.00
 8.97	100838.40
 8.98	101004.80
 8.98	101171.20
 8.99	101337.60
 8.99	101504.00
 9.00	101670.40
 9.01	101836.80
 9.01	102003.20
 9.02	102169.60
 9.02	102336.00
 9.04	102502.40
 9.04	102668.80
 9.06	102835.20
 9.06	103001.60
 9.08	103168.00
 9.09	103334.40
 9.10	103500.80
 9.10	103667.20
 9.11	103833.60
 9.11	104000.00
 9.12	104166.40
 9.13	104332.80
 9.14	104499.20
 9.15	104665.60
 9.16	104832.00
 9.16	104998.40
 9.17	105164.80
 9.17	105331.20
 9.18	105497.60
 9.19	105664.00
 9.19	105830.40
 9.20	105996.80
 9.20	106163.20
 9.21	106329.60
 9.21	106496.00
 9.22	106662.40
 9.23	106828.80
 9.23	106995.20
 9.24	107161.60
 9.25	107328.00
 9.25	107494.40
 9.26	107660.80
 9.27	107827.20
 9.28	107993.60
 9.29	108160.00
 9.29	108326.40
 9.30	108492.80
 9.30	108659.20
 9.31	108825.60
 9.31	108992.00
 9.32	109158.40
 9.35	109324.80
 9.36	109491.20
 9.37	109657.60
 9.37	109824.00
 9.38	109990.40
 9.38	110156.80
 9.39	110323.20
 9.40	110489.60
 9.41	110656.00
 9.41	110822.40
 9.42	110988.80
 9.43	111155.20
 9.43	111321.60
 9.44	111488.00
 9.44	111654.40
 9.45	111820.80
 9.47	111987.20
 9.48	112153.60
 9.48	112320.00
 9.51	112486.40
 9.52	112652.80
 9.54	112819.20
 9.56	112985.60
 9.56	113152.00
 9.57	113318.40
 9.58	113484.80
 9.58	113651.20
 9.61	113817.60
 9.62	113984.00
 9.64	114150.40
 9.65	114316.80
 9.67	114483.20
 9.68	114649.60
 9.68	114816.00
 9.70	114982.40
 9.71	115148.80
 9.72	115315.20
 9.73	115481.60
 9.74	115648.00
 9.74	115814.40
 9.75	115980.80
 9.76	116147.20
 9.76	116313.60
 9.77	116480.00
 9.78	116646.40
 9.79	116812.80
 9.80	116979.20
 9.80	117145.60
 9.81	117312.00
 9.81	117478.40
 9.82	117644.80
 9.84	117811.20
 9.87	117977.60
 9.88	118144.00
 9.88	118310.40
 9.89	118476.80
 9.90	118643.20
 9.91	118809.60
 9.91	118976.00
 9.92	119142.40
 9.93	119308.80
 9.94	119475.20
 9.97	119641.60
 9.98	119808.00
 10.00	119974.40
 10.01	120140.80
 10.01	120307.20
 10.02	120473.60
 10.03	120640.00
 10.03	120806.40
 10.05	120972.80
 10.06	121139.20
 10.07	121305.60
 10.08	121472.00
 10.09	121638.40
 10.09	121804.80
 10.10	121971.20
 10.11	122137.60
 10.11	122304.00
 10.12	122470.40
 10.12	122636.80
 10.13	122803.20
 10.13	122969.60
 10.14	123136.00
 10.14	123302.40
 10.15	123468.80
 10.15	123635.20
 10.16	123801.60
 10.17	123968.00
 10.17	124134.40
 10.18	124300.80
 10.18	124467.20
 10.19	124633.60
 10.19	124800.00
 10.20	124966.40
 10.21	125132.80
 10.22	125299.20
 10.22	125465.60
 10.23	125632.00
 10.24	125798.40
 10.24	125964.80
 10.25	126131.20
 10.26	126297.60
 10.27	126464.00
 10.28	126630.40
 10.28	126796.80
 10.29	126963.20
 10.31	127129.60
 10.32	127296.00
 10.32	127462.40
 10.33	127628.80
 10.34	127795.20
 10.35	127961.60
 10.37	128128.00
 10.38	128294.40
 10.39	128460.80
 10.40	128627.20
 10.41	128793.60
 10.41	128960.00
 10.42	129126.40
 10.43	129292.80
 10.43	129459.20
 10.44	129625.60
 10.44	129792.00
 10.45	129958.40
 10.47	130124.80
 10.48	130291.20
 10.49	130457.60
 10.49	130624.00
 10.51	130790.40
 10.51	130956.80
 10.52	131123.20
 10.54	131289.60
 10.57	131456.00
 10.58	131622.40
 10.59	131788.80
 10.60	131955.20
 10.61	132121.60
 10.62	132288.00
 10.64	132454.40
 10.66	132620.80
 10.67	132787.20
 10.68	132953.60
 10.68	133120.00
 10.69	133286.40
 10.69	133452.80
 10.70	133619.20
 10.70	133785.60
 10.71	133952.00
 10.72	134118.40
 10.73	134284.80
 10.73	134451.20
 10.74	134617.60
 10.76	134784.00
 10.76	134950.40
 10.77	135116.80
 10.78	135283.20
 10.79	135449.60
 10.80	135616.00
 10.80	135782.40
 10.81	135948.80
 10.83	136115.20
 10.84	136281.60
 10.86	136448.00
 10.87	136614.40
 10.88	136780.80
 10.89	136947.20
 10.91	137113.60
 10.93	137280.00
 10.93	137446.40
 10.94	137612.80
 10.95	137779.20
 10.95	137945.60
 10.98	138112.00
 10.99	138278.40
 10.99	138444.80
 11.00	138611.20
 11.00	138777.60
 11.01	138944.00
 11.04	139110.40
 11.05	139276.80
 11.05	139443.20
 11.06	139609.60
 11.08	139776.00
 11.10	139942.40
 11.10	140108.80
 11.12	140275.20
 11.13	140441.60
 11.15	140608.00
 11.16	140774.40
 11.17	140940.80
 11.18	141107.20
 11.22	141273.60
 11.23	141440.00
 11.23	141606.40
 11.25	141772.80
 11.25	141939.20
 11.26	142105.60
 11.27	142272.00
 11.27	142438.40
 11.28	142604.80
 11.28	142771.20
 11.29	142937.60
 11.30	143104.00
 11.31	143270.40
 11.32	143436.80
 11.32	143603.20
 11.33	143769.60
 11.34	143936.00
 11.35	144102.40
 11.36	144268.80
 11.42	144435.20
 11.45	144601.60
 11.46	144768.00
 11.47	144934.40
 11.48	145100.80
 11.49	145267.20
 11.49	145433.60
 11.50	145600.00
 11.51	145766.40
 11.52	145932.80
 11.53	146099.20
 11.54	146265.60
 11.55	146432.00
 11.55	146598.40
 11.57	146764.80
 11.58	146931.20
 11.58	147097.60
 11.61	147264.00
 11.62	147430.40
 11.62	147596.80
 11.65	147763.20
 11.67	147929.60
 11.67	148096.00
 11.68	148262.40
 11.69	148428.80
 11.70	148595.20
 11.71	148761.60
 11.71	148928.00
 11.72	149094.40
 11.73	149260.80
 11.74	149427.20
 11.75	149593.60
 11.77	149760.00
 11.78	149926.40
 11.79	150092.80
 11.80	150259.20
 11.81	150425.60
 11.81	150592.00
 11.82	150758.40
 11.83	150924.80
 11.85	151091.20
 11.86	151257.60
 11.86	151424.00
 11.88	151590.40
 11.88	151756.80
 11.91	151923.20
 11.91	152089.60
 11.92	152256.00
 11.93	152422.40
 11.93	152588.80
 11.94	152755.20
 11.94	152921.60
 11.95	153088.00
 11.96	153254.40
 11.97	153420.80
 11.97	153587.20
 11.98	153753.60
 11.99	153920.00
 12.00	154086.40
 12.00	154252.80
 12.03	154419.20
 12.03	154585.60
 12.04	154752.00
 12.04	154918.40
 12.05	155084.80
 12.07	155251.20
 12.08	155417.60
 12.09	155584.00
 12.10	155750.40
 12.11	155916.80
 12.13	156083.20
 12.13	156249.60
 12.15	156416.00
 12.16	156582.40
 12.16	156748.80
 12.17	156915.20
 12.17	157081.60
 12.21	157248.00
 12.22	157414.40
 12.24	157580.80
 12.24	157747.20
 12.25	157913.60
 12.28	158080.00
 12.28	158246.40
 12.29	158412.80
 12.30	158579.20
 12.30	158745.60
 12.31	158912.00
 12.33	159078.40
 12.34	159244.80
 12.35	159411.20
 12.35	159577.60
 12.36	159744.00
 12.37	159910.40
 12.37	160076.80
 12.38	160243.20
 12.39	160409.60
 12.41	160576.00
 12.42	160742.40
 12.44	160908.80
 12.44	161075.20
 12.45	161241.60
 12.46	161408.00
 12.47	161574.40
 12.48	161740.80
 12.50	161907.20
 12.51	162073.60
 12.52	162240.00
 12.53	162406.40
 12.54	162572.80
 12.55	162739.20
 12.55	162905.60
 12.57	163072.00
 12.57	163238.40
 12.58	163404.80
 12.59	163571.20
 12.60	163737.60
 12.60	163904.00
 12.61	164070.40
 12.63	164236.80
 12.63	164403.20
 12.64	164569.60
 12.66	164736.00
 12.66	164902.40
 12.67	165068.80
 12.69	165235.20
 12.70	165401.60
 12.70	165568.00
 12.72	165734.40
 12.73	165900.80
 12.74	166067.20
 12.75	166233.60
 12.76	166400.00
 12.78	166566.40
 12.78	166732.80
 12.79	166899.20
 12.79	167065.60
 12.80	167232.00
 12.80	167398.40
 12.81	167564.80
 12.82	167731.20
 12.82	167897.60
 12.83	168064.00
 12.83	168230.40
 12.85	168396.80
 12.86	168563.20
 12.87	168729.60
 12.87	168896.00
 12.88	169062.40
 12.90	169228.80
 12.90	169395.20
 12.91	169561.60
 12.92	169728.00
 12.93	169894.40
 12.97	170060.80
 12.98	170227.20
 12.99	170393.60
 13.00	170560.00
 13.00	170726.40
 13.01	170892.80
 13.02	171059.20
 13.03	171225.60
 13.04	171392.00
 13.04	171558.40
 13.09	171724.80
 13.11	171891.20
 13.15	172057.60
 13.18	172224.00
 13.20	172390.40
 13.21	172556.80
 13.22	172723.20
 13.24	172889.60
 13.25	173056.00
 13.26	173222.40
 13.27	173388.80
 13.27	173555.20
 13.28	173721.60
 13.28	173888.00
 13.30	174054.40
 13.32	174220.80
 13.32	174387.20
 13.34	174553.60
 13.35	174720.00
 13.37	174886.40
 13.37	175052.80
 13.39	175219.20
 13.41	175385.60
 13.43	175552.00
 13.43	175718.40
 13.44	175884.80
 13.45	176051.20
 13.46	176217.60
 13.46	176384.00
 13.48	176550.40
 13.50	176716.80
 13.50	176883.20
 13.51	177049.60
 13.52	177216.00
 13.52	177382.40
 13.53	177548.80
 13.54	177715.20
 13.54	177881.60
 13.55	178048.00
 13.56	178214.40
 13.58	178380.80
 13.59	178547.20
 13.59	178713.60
 13.60	178880.00
 13.62	179046.40
 13.64	179212.80
 13.64	179379.20
 13.65	179545.60
 13.66	179712.00
 13.67	179878.40
 13.68	180044.80
 13.68	180211.20
 13.69	180377.60
 13.69	180544.00
 13.70	180710.40
 13.72	180876.80
 13.72	181043.20
 13.73	181209.60
 13.74	181376.00
 13.75	181542.40
 13.76	181708.80
 13.76	181875.20
 13.77	182041.60
 13.77	182208.00
 13.78	182374.40
 13.79	182540.80
 13.79	182707.20
 13.80	182873.60
 13.80	183040.00
 13.81	183206.40
 13.82	183372.80
 13.82	183539.20
 13.83	183705.60
 13.83	183872.00
 13.84	184038.40
 13.84	184204.80
 13.85	184371.20
 13.86	184537.60
 13.86	184704.00
 13.87	184870.40
 13.87	185036.80
 13.88	185203.20
 13.89	185369.60
 13.89	185536.00
 13.90	185702.40
 13.91	185868.80
 13.91	186035.20
 13.92	186201.60
 13.92	186368.00
 13.93	186534.40
 13.94	186700.80
 13.94	186867.20
 13.95	187033.60
 13.95	187200.00
 13.97	187366.40
 13.99	187532.80
 13.99	187699.20
 14.00	187865.60
 14.01	188032.00
 14.02	188198.40
 14.02	188364.80
 14.03	188531.20
 14.03	188697.60
 14.04	188864.00
 14.04	189030.40
 14.05	189196.80
 14.06	189363.20
 14.06	189529.60
 14.07	189696.00
 14.07	189862.40
 14.08	190028.80
 14.08	190195.20
 14.09	190361.60
 14.10	190528.00
 14.10	190694.40
 14.11	190860.80
 14.11	191027.20
 14.12	191193.60
 14.13	191360.00
 14.13	191526.40
 14.14	191692.80
 14.14	191859.20
 14.15	192025.60
 14.15	192192.00
 14.16	192358.40
 14.17	192524.80
 14.17	192691.20
 14.18	192857.60
 14.18	193024.00
 14.19	193190.40
 14.20	193356.80
 14.20	193523.20
 14.21	193689.60
 14.23	193856.00
 14.24	194022.40
 14.25	194188.80
 14.26	194355.20
 14.27	194521.60
 14.27	194688.00
 14.28	194854.40
 14.30	195020.80
 14.30	195187.20
 14.31	195353.60
 14.35	195520.00
 14.36	195686.40
 14.36	195852.80
 14.37	196019.20
 14.37	196185.60
 14.38	196352.00
 14.39	196518.40
 14.39	196684.80
 14.42	196851.20
 14.42	197017.60
 14.43	197184.00
 14.44	197350.40
 14.46	197516.80
 14.47	197683.20
 14.48	197849.60
 14.48	198016.00
 14.49	198182.40
 14.49	198348.80
 14.50	198515.20
 14.53	198681.60
 14.54	198848.00
 14.54	199014.40
 14.55	199180.80
 14.56	199347.20
 14.56	199513.60
 14.57	199680.00
 14.57	199846.40
 14.58	200012.80
 14.58	200179.20
 14.62	200345.60
 14.62	200512.00
 14.63	200678.40
 14.64	200844.80
 14.64	201011.20
 14.65	201177.60
 14.66	201344.00
 14.66	201510.40
 14.67	201676.80
 14.68	201843.20
 14.68	202009.60
 14.69	202176.00
 14.70	202342.40
 14.70	202508.80
 14.71	202675.20
 14.72	202841.60
 14.73	203008.00
 14.73	203174.40
 14.74	203340.80
 14.74	203507.20
 14.75	203673.60
 14.76	203840.00
 14.77	204006.40
 14.78	204172.80
 14.79	204339.20
 14.79	204505.60
 14.80	204672.00
 14.81	204838.40
 14.81	205004.80
 14.82	205171.20
 14.85	205337.60
 14.85	205504.00
 14.88	205670.40
 14.88	205836.80
 14.89	206003.20
 14.90	206169.60
 14.90	206336.00
 14.91	206502.40
 14.91	206668.80
 14.92	206835.20
 14.94	207001.60
 14.98	207168.00
 14.99	207334.40
 15.00	207500.80
 15.00	207667.20
 15.01	207833.60
 15.01	208000.00
 15.02	208166.40
 15.03	208332.80
 15.04	208499.20
 15.04	208665.60
 15.05	208832.00
 15.05	208998.40
 15.06	209164.80
 15.07	209331.20
 15.08	209497.60
 15.09	209664.00
 15.09	209830.40
 15.11	209996.80
 15.12	210163.20
 15.14	210329.60
 15.14	210496.00
 15.15	210662.40
 15.17	210828.80
 15.17	210995.20
 15.18	211161.60
 15.20	211328.00
 15.22	211494.40
 15.23	211660.80
 15.24	211827.20
 15.26	211993.60
 15.26	212160.00
 15.28	212326.40
 15.29	212492.80
 15.29	212659.20
 15.30	212825.60
 15.30	212992.00
 15.32	213158.40
 15.32	213324.80
 15.33	213491.20
 15.34	213657.60
 15.35	213824.00
 15.36	213990.40
 15.36	214156.80
 15.37	214323.20
 15.38	214489.60
 15.38	214656.00
 15.39	214822.40
 15.39	214988.80
 15.40	215155.20
 15.41	215321.60
 15.43	215488.00
 15.43	215654.40
 15.44	215820.80
 15.44	215987.20
 15.45	216153.60
 15.46	216320.00
 15.47	216486.40
 15.48	216652.80
 15.48	216819.20
 15.49	216985.60
 15.50	217152.00
 15.51	217318.40
 15.52	217484.80
 15.53	217651.20
 15.53	217817.60
 15.54	217984.00
 15.55	218150.40
 15.56	218316.80
 15.56	218483.20
 15.57	218649.60
 15.58	218816.00
 15.59	218982.40
 15.60	219148.80
 15.61	219315.20
 15.62	219481.60
 15.63	219648.00
 15.63	219814.40
 15.65	219980.80
 15.66	220147.20
 15.66	220313.60
 15.68	220480.00
 15.69	220646.40
 15.70	220812.80
 15.72	220979.20
 15.74	221145.60
 15.75	221312.00
 15.75	221478.40
 15.76	221644.80
 15.78	221811.20
 15.78	221977.60
 15.80	222144.00
 15.81	222310.40
 15.81	222476.80
 15.82	222643.20
 15.83	222809.60
 15.85	222976.00
 15.85	223142.40
 15.86	223308.80
 15.89	223475.20
 15.90	223641.60
 15.90	223808.00
 15.91	223974.40
 15.95	224140.80
 15.95	224307.20
 15.96	224473.60
 15.96	224640.00
 15.97	224806.40
 15.99	224972.80
 16.00	225139.20
 16.00	225305.60
 16.02	225472.00
 16.04	225638.40
 16.05	225804.80
 16.05	225971.20
 16.08	226137.60
 16.09	226304.00
 16.09	226470.40
 16.11	226636.80
 16.12	226803.20
 16.12	226969.60
 16.13	227136.00
 16.13	227302.40
 16.17	227468.80
 16.17	227635.20
 16.18	227801.60
 16.19	227968.00
 16.19	228134.40
 16.20	228300.80
 16.20	228467.20
 16.22	228633.60
 16.23	228800.00
 16.24	228966.40
 16.25	229132.80
 16.26	229299.20
 16.26	229465.60
 16.27	229632.00
 16.28	229798.40
 16.28	229964.80
 16.30	230131.20
 16.31	230297.60
 16.31	230464.00
 16.32	230630.40
 16.33	230796.80
 16.33	230963.20
 16.34	231129.60
 16.34	231296.00
 16.35	231462.40
 16.36	231628.80
 16.36	231795.20
 16.37	231961.60
 16.37	232128.00
 16.38	232294.40
 16.39	232460.80
 16.40	232627.20
 16.40	232793.60
 16.41	232960.00
 16.42	233126.40
 16.43	233292.80
 16.44	233459.20
 16.44	233625.60
 16.45	233792.00
 16.45	233958.40
 16.46	234124.80
 16.47	234291.20
 16.48	234457.60
 16.50	234624.00
 16.50	234790.40
 16.51	234956.80
 16.52	235123.20
 16.52	235289.60
 16.53	235456.00
 16.54	235622.40
 16.55	235788.80
 16.58	235955.20
 16.59	236121.60
 16.60	236288.00
 16.61	236454.40
 16.62	236620.80
 16.62	236787.20
 16.63	236953.60
 16.63	237120.00
 16.64	237286.40
 16.65	237452.80
 16.65	237619.20
 16.66	237785.60
 16.66	237952.00
 16.67	238118.40
 16.68	238284.80
 16.68	238451.20
 16.69	238617.60
 16.70	238784.00
 16.70	238950.40
 16.71	239116.80
 16.72	239283.20
 16.72	239449.60
 16.73	239616.00
 16.73	239782.40
 16.74	239948.80
 16.74	240115.20
 16.75	240281.60
 16.76	240448.00
 16.76	240614.40
 16.77	240780.80
 16.77	240947.20
 16.78	241113.60
 16.78	241280.00
 16.79	241446.40
 16.80	241612.80
 16.80	241779.20
 16.81	241945.60
 16.81	242112.00
 16.82	242278.40
 16.83	242444.80
 16.83	242611.20
 16.84	242777.60
 16.84	242944.00
 16.85	243110.40
 16.85	243276.80
 16.86	243443.20
 16.87	243609.60
 16.87	243776.00
 16.88	243942.40
 16.88	244108.80
 16.89	244275.20
 16.89	244441.60
 16.90	244608.00
 16.91	244774.40
 16.91	244940.80
 16.92	245107.20
 16.92	245273.60
 16.93	245440.00
 16.94	245606.40
 16.94	245772.80
 16.95	245939.20
 16.95	246105.60
 16.96	246272.00
 16.97	246438.40
 16.97	246604.80
 16.98	246771.20
 16.98	246937.60
 16.99	247104.00
 16.99	247270.40
 17.00	247436.80
 17.01	247603.20
 17.01	247769.60
 17.02	247936.00
 17.03	248102.40
 17.03	248268.80
 17.04	248435.20
 17.04	248601.60
 17.05	248768.00
 17.05	248934.40
 17.06	249100.80
 17.07	249267.20
 17.07	249433.60
 17.08	249600.00
 17.08	249766.40
 17.09	249932.80
 17.09	250099.20
 17.10	250265.60
 17.11	250432.00
 17.11	250598.40
 17.12	250764.80
 17.12	250931.20
 17.13	251097.60
 17.14	251264.00
 17.14	251430.40
 17.15	251596.80
 17.16	251763.20
 17.16	251929.60
 17.17	252096.00
 17.17	252262.40
 17.18	252428.80
 17.19	252595.20
 17.19	252761.60
 17.20	252928.00
 17.20	253094.40
 17.21	253260.80
 17.21	253427.20
 17.22	253593.60
 17.23	253760.00
 17.23	253926.40
 17.24	254092.80
 17.24	254259.20
 17.25	254425.60
 17.26	254592.00
 17.27	254758.40
 17.28	254924.80
 17.30	255091.20
 17.31	255257.60
 17.32	255424.00
 17.33	255590.40
 17.34	255756.80
 17.34	255923.20
 17.35	256089.60
 17.36	256256.00
 17.37	256422.40
 17.37	256588.80
 17.39	256755.20
 17.40	256921.60
 17.42	257088.00
 17.43	257254.40
 17.44	257420.80
 17.46	257587.20
 17.47	257753.60
 17.47	257920.00
 17.49	258086.40
 17.49	258252.80
 17.53	258419.20
 17.53	258585.60
 17.55	258752.00
 17.55	258918.40
 17.56	259084.80
 17.57	259251.20
 17.57	259417.60
 17.58	259584.00
 17.58	259750.40
 17.59	259916.80
 17.60	260083.20
 17.60	260249.60
 17.61	260416.00
 17.62	260582.40
 17.62	260748.80
 17.63	260915.20
 17.64	261081.60
 17.66	261248.00
 17.67	261414.40
 17.68	261580.80
 17.68	261747.20
 17.69	261913.60
 17.70	262080.00
 17.70	262246.40
 17.71	262412.80
 17.71	262579.20
 17.72	262745.60
 17.73	262912.00
 17.73	263078.40
 17.74	263244.80
 17.74	263411.20
 17.75	263577.60
 17.76	263744.00
 17.77	263910.40
 17.79	264076.80
 17.79	264243.20
 17.80	264409.60
 17.81	264576.00
 17.81	264742.40
 17.82	264908.80
 17.82	265075.20
 17.83	265241.60
 17.84	265408.00
 17.84	265574.40
 17.85	265740.80
 17.86	265907.20
 17.86	266073.60
 17.87	266240.00
 17.88	266406.40
 17.91	266572.80
 17.94	266739.20
 17.95	266905.60
 17.95	267072.00
 17.96	267238.40
 17.97	267404.80
 17.97	267571.20
 17.98	267737.60
 17.99	267904.00
 17.99	268070.40
 18.00	268236.80
 18.00	268403.20
 18.01	268569.60
 18.02	268736.00
 18.02	268902.40
 18.03	269068.80
 18.03	269235.20
 18.04	269401.60
 18.05	269568.00
 18.05	269734.40
 18.06	269900.80
 18.06	270067.20
 18.07	270233.60
 18.08	270400.00
 18.09	270566.40
 18.09	270732.80
 18.10	270899.20
 18.10	271065.60
 18.11	271232.00
 18.12	271398.40
 18.12	271564.80
 18.13	271731.20
 18.13	271897.60
 18.14	272064.00
 18.15	272230.40
 18.15	272396.80
 18.16	272563.20
 18.16	272729.60
 18.17	272896.00
 18.18	273062.40
 18.18	273228.80
 18.19	273395.20
 18.19	273561.60
 18.20	273728.00
 18.20	273894.40
 18.21	274060.80
 18.22	274227.20
 18.22	274393.60
 18.23	274560.00
 18.23	274726.40
 18.24	274892.80
 18.25	275059.20
 18.25	275225.60
 18.26	275392.00
 18.26	275558.40
 18.27	275724.80
 18.28	275891.20
 18.28	276057.60
 18.29	276224.00
 18.29	276390.40
 18.30	276556.80
 18.31	276723.20
 18.31	276889.60
 18.32	277056.00
 18.32	277222.40
 18.33	277388.80
 18.33	277555.20
 18.34	277721.60
 18.35	277888.00
 18.35	278054.40
 18.36	278220.80
 18.36	278387.20
 18.37	278553.60
 18.38	278720.00
 18.39	278886.40
 18.40	279052.80
 18.40	279219.20
 18.41	279385.60
 18.42	279552.00
 18.42	279718.40
 18.43	279884.80
 18.43	280051.20
 18.44	280217.60
 18.45	280384.00
 18.46	280550.40
 18.46	280716.80
 18.47	280883.20
 18.48	281049.60
 18.48	281216.00
 18.49	281382.40
 18.49	281548.80
 18.50	281715.20
 18.51	281881.60
 18.52	282048.00
 18.54	282214.40
 18.55	282380.80
 18.55	282547.20
 18.56	282713.60
 18.57	282880.00
 18.57	283046.40
 18.58	283212.80
 18.58	283379.20
 18.59	283545.60
 18.59	283712.00
 18.60	283878.40
 18.61	284044.80
 18.62	284211.20
 18.63	284377.60
 18.64	284544.00
 18.65	284710.40
 18.65	284876.80
 18.66	285043.20
 18.66	285209.60
 18.67	285376.00
 18.69	285542.40
 18.69	285708.80
 18.70	285875.20
 18.71	286041.60
 18.71	286208.00
 18.72	286374.40
 18.72	286540.80
 18.73	286707.20
 18.73	286873.60
 18.74	287040.00
 18.75	287206.40
 18.75	287372.80
 18.76	287539.20
 18.76	287705.60
 18.77	287872.00
 18.77	288038.40
 18.78	288204.80
 18.79	288371.20
 18.79	288537.60
 18.80	288704.00
 18.80	288870.40
 18.81	289036.80
 18.82	289203.20
 18.82	289369.60
 18.83	289536.00
 18.83	289702.40
 18.84	289868.80
 18.84	290035.20
 18.85	290201.60
 18.86	290368.00
 18.86	290534.40
 18.87	290700.80
 18.88	290867.20
 18.89	291033.60
 18.89	291200.00
 18.90	291366.40
 18.90	291532.80
 18.91	291699.20
 18.92	291865.60
 18.92	292032.00
 18.93	292198.40
 18.93	292364.80
 18.94	292531.20
 18.95	292697.60
 18.95	292864.00
 18.96	293030.40
 18.96	293196.80
 18.97	293363.20
 18.97	293529.60
 18.98	293696.00
 18.99	293862.40
 18.99	294028.80
 19.00	294195.20
 19.00	294361.60
 19.01	294528.00
 19.02	294694.40
 19.02	294860.80
 19.03	295027.20
 19.03	295193.60
 19.04	295360.00
 19.04	295526.40
 19.05	295692.80
 19.06	295859.20
 19.06	296025.60
 19.07	296192.00
 19.07	296358.40
 19.08	296524.80
 19.09	296691.20
 19.09	296857.60
 19.10	297024.00
 19.10	297190.40
 19.11	297356.80
 19.11	297523.20
 19.12	297689.60
 19.13	297856.00
 19.13	298022.40
 19.14	298188.80
 19.14	298355.20
 19.15	298521.60
 19.16	298688.00
 19.16	298854.40
 19.17	299020.80
 19.18	299187.20
 19.19	299353.60
 19.20	299520.00
 19.20	299686.40
 19.21	299852.80
 19.22	300019.20
 19.22	300185.60
 19.23	300352.00
 19.23	300518.40
 19.24	300684.80
 19.25	300851.20
 19.25	301017.60
 19.26	301184.00
 19.26	301350.40
 19.27	301516.80
 19.28	301683.20
 19.28	301849.60
 19.29	302016.00
 19.29	302182.40
 19.30	302348.80
 19.30	302515.20
 19.31	302681.60
 19.32	302848.00
 19.32	303014.40
 19.33	303180.80
 19.33	303347.20
 19.34	303513.60
 19.35	303680.00
 19.37	303846.40
 19.38	304012.80
 19.39	304179.20
 19.40	304345.60
 19.40	304512.00
 19.41	304678.40
 19.41	304844.80
 19.44	305011.20
 19.46	305177.60
 19.46	305344.00
 19.47	305510.40
 19.48	305676.80
 19.49	305843.20
 19.50	306009.60
 19.50	306176.00
 19.51	306342.40
 19.51	306508.80
 19.52	306675.20
 19.53	306841.60
 19.53	307008.00
 19.54	307174.40
 19.54	307340.80
 19.55	307507.20
 19.56	307673.60
 19.57	307840.00
 19.57	308006.40
 19.58	308172.80
 19.58	308339.20
 19.59	308505.60
 19.60	308672.00
 19.64	308838.40
 19.64	309004.80
 19.65	309171.20
 19.65	309337.60
 19.66	309504.00
 19.67	309670.40
 19.67	309836.80
 19.68	310003.20
 19.69	310169.60
 19.70	310336.00
 19.71	310502.40
 19.71	310668.80
 19.72	310835.20
 19.73	311001.60
 19.73	311168.00
 19.74	311334.40
 19.74	311500.80
 19.75	311667.20
 19.75	311833.60
 19.76	312000.00
 19.77	312166.40
 19.77	312332.80
 19.78	312499.20
 19.79	312665.60
 19.79	312832.00
 19.80	312998.40
 19.80	313164.80
 19.81	313331.20
 19.82	313497.60
 19.84	313664.00
 19.84	313830.40
 19.85	313996.80
 19.85	314163.20
 19.86	314329.60
 19.86	314496.00
 19.87	314662.40
 19.88	314828.80
 19.88	314995.20
 19.89	315161.60
 19.89	315328.00
 19.90	315494.40
 19.90	315660.80
 19.91	315827.20
 19.92	315993.60
 19.92	316160.00
 19.93	316326.40
 19.94	316492.80
 19.95	316659.20
