 2.06	326.40
 2.08	396.80
 2.09	723.20
 2.10	1049.60
 2.12	1120.00
 2.13	1190.40
 2.15	1516.80
 2.19	1587.20
 2.23	1913.60
 2.23	1984.00
 2.26	2310.40
 2.35	2380.80
 2.40	2707.20
 2.51	2777.60
 2.52	3104.00
 2.55	3174.40
 2.56	3500.80
 2.58	3827.20
 2.61	4153.60
 2.62	4224.00
 2.63	4550.40
 2.64	4620.80
 2.65	4691.20
 2.66	5017.60
 2.66	5088.00
 2.67	5414.40
 2.68	5740.80
 2.68	5811.20
 2.70	6137.60
 2.71	6464.00
 2.72	6534.40
 2.72	6604.80
 2.74	6675.20
 2.74	6745.60
 2.75	7072.00
 2.77	7398.40
 2.78	7724.80
 2.79	7795.20
 2.80	8121.60
 2.80	8192.00
 2.80	8262.40
 2.81	8332.80
 2.82	8659.20
 2.83	8985.60
 2.83	9056.00
 2.84	9382.40
 2.85	9452.80
 2.85	9523.20
 2.88	9849.60
 2.89	10176.00
 2.90	10502.40
 2.91	10572.80
 2.91	10643.20
 2.92	10969.60
 2.92	11040.00
 2.93	11110.40
 2.94	11436.80
 2.94	11507.20
 2.97	11833.60
 2.98	12160.00
 2.99	12486.40
 3.00	12556.80
 3.00	12627.20
 3.01	12953.60
 3.02	13024.00
 3.02	13094.40
 3.05	13420.80
 3.06	13747.20
 3.08	14073.60
 3.08	14144.00
 3.09	14470.40
 3.09	14540.80
 3.10	14611.20
 3.11	14937.60
 3.12	15264.00
 3.12	15334.40
 3.12	15404.80
 3.13	15731.20
 3.14	15801.60
 3.15	16128.00
 3.19	16198.40
 3.19	16524.80
 3.22	16851.20
 3.22	16921.60
 3.23	17248.00
 3.24	17574.40
 3.26	17900.80
 3.27	17971.20
 3.28	18041.60
 3.29	18112.00
 3.30	18438.40
 3.30	18508.80
 3.36	18835.20
 3.37	18905.60
 3.38	19232.00
 3.38	19302.40
 3.39	19372.80
 3.40	19699.20
 3.40	19769.60
 3.42	20096.00
 3.43	20166.40
 3.44	20492.80
 3.44	20563.20
 3.46	20889.60
 3.47	21216.00
 3.48	21542.40
 3.49	21612.80
 3.50	21939.20
 3.52	22009.60
 3.52	22080.00
 3.53	22150.40
 3.53	22220.80
 3.55	22547.20
 3.55	22873.60
 3.56	22944.00
 3.57	23270.40
 3.57	23340.80
 3.58	23667.20
 3.59	23737.60
 3.59	23808.00
 3.62	24134.40
 3.63	24204.80
 3.68	24531.20
 3.69	24857.60
 3.70	24928.00
 3.71	25254.40
 3.72	25580.80
 3.72	25651.20
 3.73	25977.60
 3.76	26048.00
 3.76	26118.40
 3.77	26444.80
 3.77	26515.20
 3.80	26841.60
 3.80	26912.00
 3.81	27238.40
 3.84	27308.80
 3.85	27635.20
 3.87	27961.60
 3.92	28288.00
 3.93	28358.40
 3.98	28428.80
 3.99	28499.20
 4.00	28825.60
 4.01	29152.00
 4.02	29478.40
 4.02	29548.80
 4.02	29619.20
 4.03	29689.60
 4.07	30016.00
 4.08	30342.40
 4.09	30668.80
 4.10	30995.20
 4.12	31321.60
 4.13	31392.00
 4.15	31718.40
 4.15	31788.80
 4.20	31859.20
 4.27	32185.60
 4.28	32512.00
 4.29	32582.40
 4.29	32652.80
 4.30	32723.20
 4.31	33049.60
 4.32	33376.00
 4.33	33702.40
 4.33	33772.80
 4.34	33843.20
 4.38	33913.60
 4.39	34240.00
 4.40	34310.40
 4.41	34380.80
 4.41	34451.20
 4.42	34777.60
 4.45	35104.00
 4.46	35174.40
 4.48	35500.80
 4.49	35827.20
 4.50	36153.60
 4.53	36480.00
 4.53	36550.40
 4.54	36620.80
 4.54	36691.20
 4.55	37017.60
 4.55	37088.00
 4.56	37414.40
 4.57	37484.80
 4.58	37811.20
 4.59	38137.60
 4.61	38464.00
 4.61	38534.40
 4.62	38604.80
 4.62	38675.20
 4.63	39001.60
 4.64	39328.00
 4.65	39654.40
 4.65	39724.80
 4.66	40051.20
 4.67	40377.60
 4.67	40448.00
 4.68	40774.40
 4.70	40844.80
 4.70	40915.20
 4.71	40985.60
 4.72	41312.00
 4.72	41382.40
 4.73	41708.80
 4.76	42035.20
 4.78	42105.60
 4.79	42432.00
 4.80	42502.40
 4.81	42828.80
 4.81	42899.20
 4.84	43225.60
 4.84	43296.00
 4.85	43622.40
 4.87	43948.80
 4.88	44019.20
 4.88	44089.60
 4.88	44160.00
 4.89	44486.40
 4.90	44556.80
 4.90	44627.20
 4.91	44953.60
 4.92	45280.00
 4.93	45606.40
 4.94	45676.80
 4.94	45747.20
 4.95	46073.60
 4.95	46144.00
 4.96	46214.40
 4.97	46540.80
 4.98	46867.20
 4.98	46937.60
 4.99	47008.00
 4.99	47078.40
 4.99	47148.80
 5.00	47475.20
 5.01	47801.60
 5.02	48128.00
 5.03	48454.40
 5.04	48780.80
 5.04	48851.20
 5.05	49177.60
 5.06	49248.00
 5.07	49574.40
 5.07	49644.80
 5.07	49715.20
 5.08	49785.60
 5.09	50112.00
 5.09	50182.40
 5.09	50252.80
 5.10	50579.20
 5.12	50905.60
 5.13	51232.00
 5.14	51558.40
 5.15	51628.80
 5.16	51955.20
 5.16	52025.60
 5.17	52352.00
 5.17	52422.40
 5.18	52748.80
 5.19	52819.20
 5.19	52889.60
 5.20	53216.00
 5.20	53286.40
 5.21	53612.80
 5.24	53939.20
 5.25	54009.60
 5.25	54080.00
 5.25	54150.40
 5.27	54476.80
 5.28	54803.20
 5.29	55129.60
 5.30	55456.00
 5.31	55782.40
 5.31	55852.80
 5.32	56179.20
 5.33	56249.60
 5.33	56320.00
 5.33	56390.40
 5.34	56460.80
 5.34	56531.20
 5.35	56857.60
 5.36	57184.00
 5.38	57510.40
 5.39	57836.80
 5.40	57907.20
 5.41	58233.60
 5.41	58304.00
 5.41	58374.40
 5.42	58700.80
 5.46	59027.20
 5.47	59097.60
 5.47	59168.00
 5.48	59494.40
 5.49	59820.80
 5.49	59891.20
 5.50	59961.60
 5.54	60288.00
 5.54	60358.40
 5.55	60428.80
 5.56	60755.20
 5.57	61081.60
 5.57	61152.00
 5.58	61222.40
 5.58	61292.80
 5.59	61619.20
 5.60	61945.60
 5.60	62016.00
 5.61	62342.40
 5.62	62668.80
 5.65	62995.20
 5.65	63065.60
 5.66	63392.00
 5.66	63462.40
 5.67	63788.80
 5.69	63859.20
 5.69	63929.60
 5.69	64000.00
 5.70	64326.40
 5.71	64652.80
 5.72	64723.20
 5.73	65049.60
 5.73	65120.00
 5.73	65190.40
 5.74	65516.80
 5.75	65587.20
 5.75	65657.60
 5.76	65984.00
 5.77	66310.40
 5.77	66380.80
 5.78	66707.20
 5.79	67033.60
 5.79	67104.00
 5.80	67174.40
 5.80	67244.80
 5.81	67571.20
 5.82	67897.60
 5.83	68224.00
 5.83	68294.40
 5.84	68620.80
 5.85	68691.20
 5.86	68761.60
 5.87	69088.00
 5.87	69158.40
 5.88	69484.80
 5.89	69811.20
 5.91	69881.60
 5.92	69952.00
 5.93	70278.40
 5.94	70604.80
 5.95	70931.20
 5.96	71257.60
 5.96	71328.00
 5.96	71398.40
 5.97	71468.80
 5.98	71795.20
 5.98	71865.60
 6.00	72192.00
 6.00	72262.40
 6.01	72332.80
 6.02	72659.20
 6.03	72985.60
 6.04	73056.00
 6.05	73126.40
 6.06	73452.80
 6.07	73779.20
 6.08	74105.60
 6.09	74432.00
 6.09	74502.40
 6.09	74572.80
 6.11	74643.20
 6.12	74713.60
 6.12	74784.00
 6.13	75110.40
 6.14	75436.80
 6.15	75507.20
 6.16	75833.60
 6.16	75904.00
 6.17	76230.40
 6.18	76556.80
 6.19	76883.20
 6.19	76953.60
 6.20	77280.00
 6.21	77350.40
 6.22	77676.80
 6.22	77747.20
 6.23	78073.60
 6.23	78144.00
 6.24	78470.40
 6.25	78540.80
 6.25	78611.20
 6.25	78681.60
 6.26	79008.00
 6.27	79334.40
 6.33	79660.80
 6.34	79987.20
 6.34	80057.60
 6.35	80128.00
 6.35	80198.40
 6.36	80524.80
 6.37	80595.20
 6.38	80921.60
 6.39	81248.00
 6.39	81318.40
 6.40	81644.80
 6.43	81715.20
 6.44	82041.60
 6.45	82368.00
 6.45	82438.40
 6.46	82508.80
 6.50	82579.20
 6.51	82905.60
 6.51	82976.00
 6.52	83302.40
 6.53	83628.80
 6.54	83699.20
 6.55	84025.60
 6.56	84096.00
 6.57	84422.40
 6.58	84492.80
 6.60	84819.20
 6.61	85145.60
 6.62	85472.00
 6.65	85798.40
 6.65	85868.80
 6.66	86195.20
 6.67	86265.60
 6.69	86592.00
 6.70	86662.40
 6.71	86732.80
 6.72	87059.20
 6.73	87385.60
 6.76	87456.00
 6.76	87526.40
 6.77	87596.80
 6.78	87667.20
 6.79	87993.60
 6.80	88320.00
 6.81	88390.40
 6.82	88460.80
 6.83	88787.20
 6.84	89113.60
 6.85	89184.00
 6.86	89510.40
 6.87	89836.80
 6.87	89907.20
 6.87	89977.60
 6.88	90304.00
 6.89	90630.40
 6.90	90700.80
 6.92	91027.20
 6.93	91353.60
 6.95	91424.00
 6.96	91494.40
 6.96	91564.80
 6.97	91891.20
 6.98	92217.60
 6.98	92288.00
 6.99	92358.40
 6.99	92428.80
 6.99	92499.20
 7.00	92825.60
 7.01	93152.00
 7.02	93478.40
 7.03	93548.80
 7.06	93875.20
 7.07	93945.60
 7.07	94016.00
 7.08	94342.40
 7.08	94412.80
 7.10	94739.20
 7.10	94809.60
 7.11	95136.00
 7.12	95462.40
 7.13	95788.80
 7.14	95859.20
 7.14	95929.60
 7.15	96256.00
 7.16	96582.40
 7.17	96908.80
 7.17	96979.20
 7.18	97305.60
 7.19	97376.00
 7.19	97446.40
 7.20	97772.80
 7.21	98099.20
 7.22	98425.60
 7.24	98496.00
 7.28	98822.40
 7.29	99148.80
 7.35	99475.20
 7.35	99545.60
 7.36	99616.00
 7.37	99942.40
 7.37	100012.80
 7.38	100083.20
 7.38	100153.60
 7.38	100224.00
 7.39	100294.40
 7.40	100620.80
 7.40	100691.20
 7.41	101017.60
 7.43	101088.00
 7.43	101158.40
 7.44	101484.80
 7.45	101555.20
 7.46	101881.60
 7.47	102208.00
 7.48	102534.40
 7.48	102604.80
 7.49	102675.20
 7.49	103001.60
 7.50	103328.00
 7.51	103398.40
 7.52	103724.80
 7.58	103795.20
 7.59	104121.60
 7.63	104192.00
 7.63	104262.40
 7.65	104332.80
 7.67	104659.20
 7.68	104985.60
 7.70	105056.00
 7.71	105382.40
 7.74	105452.80
 7.80	105779.20
 7.82	106105.60
 7.82	106176.00
 7.85	106502.40
 7.86	106572.80
 7.87	106899.20
 7.90	107225.60
 7.91	107552.00
 7.91	107622.40
 7.95	107948.80
 7.96	108275.20
 7.96	108345.60
 7.97	108416.00
 7.98	108742.40
 7.99	109068.80
 7.99	109139.20
 8.00	109465.60
 8.02	109536.00
 8.03	109862.40
 8.04	109932.80
 8.07	110259.20
 8.09	110329.60
 8.10	110656.00
 8.11	110982.40
 8.11	111052.80
 8.11	111123.20
 8.12	111193.60
 8.13	111520.00
 8.13	111590.40
 8.14	111916.80
 8.15	112243.20
 8.16	112569.60
 8.16	112640.00
 8.17	112966.40
 8.18	113036.80
 8.19	113363.20
 8.25	113433.60
 8.26	113760.00
 8.26	113830.40
 8.27	114156.80
 8.29	114483.20
 8.30	114809.60
 8.31	114880.00
 8.32	115206.40
 8.32	115276.80
 8.32	115347.20
 8.34	115673.60
 8.34	115744.00
 8.42	116070.40
 8.47	116140.80
 8.49	116467.20
 8.52	116793.60
 8.54	116864.00
 8.56	117190.40
 8.57	117516.80
 8.57	117587.20
 8.57	117657.60
 8.58	117984.00
 8.59	118310.40
 8.60	118380.80
 8.61	118707.20
 8.62	119033.60
 8.63	119360.00
 8.64	119686.40
 8.64	119756.80
 8.64	119827.20
 8.65	119897.60
 8.66	120224.00
 8.67	120550.40
 8.68	120876.80
 8.69	121203.20
 8.69	121273.60
 8.70	121600.00
 8.71	121926.40
 8.73	122252.80
 8.73	122323.20
 8.74	122393.60
 8.75	122720.00
 8.75	122790.40
 8.76	122860.80
 8.77	123187.20
 8.79	123513.60
 8.82	123840.00
 8.83	123910.40
 8.84	124236.80
 8.85	124563.20
 8.85	124633.60
 8.86	124960.00
 8.87	125286.40
 8.88	125612.80
 8.90	125939.20
 8.91	126265.60
 8.92	126592.00
 8.92	126662.40
 8.92	126732.80
 8.93	127059.20
 8.94	127129.60
 8.95	127456.00
 8.96	127782.40
 8.97	128108.80
 8.98	128435.20
 8.99	128761.60
 9.00	129088.00
 9.03	129414.40
 9.05	129740.80
 9.09	130067.20
 9.09	130137.60
 9.11	130464.00
 9.11	130534.40
 9.11	130604.80
 9.12	130675.20
 9.12	130745.60
 9.14	131072.00
 9.15	131398.40
 9.16	131468.80
 9.19	131795.20
 9.21	132121.60
 9.22	132448.00
 9.23	132774.40
 9.24	133100.80
 9.25	133427.20
 9.27	133497.60
 9.28	133824.00
 9.28	133894.40
 9.29	134220.80
 9.30	134291.20
 9.30	134361.60
 9.32	134688.00
 9.33	135014.40
 9.34	135084.80
 9.35	135411.20
 9.36	135737.60
 9.36	135808.00
 9.37	135878.40
 9.37	135948.80
 9.38	136019.20
 9.39	136345.60
 9.41	136672.00
 9.42	136998.40
 9.42	137068.80
 9.43	137395.20
 9.44	137721.60
 9.48	137792.00
 9.51	138118.40
 9.52	138444.80
 9.53	138771.20
 9.54	139097.60
 9.54	139168.00
 9.55	139494.40
 9.58	139820.80
 9.58	139891.20
 9.59	140217.60
 9.60	140544.00
 9.62	140870.40
 9.62	140940.80
 9.62	141011.20
 9.63	141081.60
 9.64	141408.00
 9.65	141734.40
 9.66	142060.80
 9.67	142387.20
 9.67	142457.60
 9.67	142528.00
 9.68	142854.40
 9.69	142924.80
 9.70	143251.20
 9.74	143321.60
 9.75	143648.00
 9.76	143718.40
 9.76	143788.80
 9.77	143859.20
 9.78	143929.60
 9.80	144256.00
 9.82	144582.40
 9.83	144908.80
 9.84	145235.20
 9.86	145561.60
 9.87	145888.00
 9.88	146214.40
 9.89	146540.80
 9.90	146867.20
 9.90	146937.60
 9.91	147008.00
 9.92	147334.40
 9.93	147660.80
 9.93	147731.20
 9.94	147801.60
 9.94	147872.00
 9.96	148198.40
 9.97	148268.80
 9.98	148595.20
 10.00	148921.60
 10.01	149248.00
 10.03	149574.40
 10.04	149900.80
 10.06	149971.20
 10.07	150297.60
 10.08	150624.00
 10.10	150950.40
 10.10	151020.80
 10.11	151091.20
 10.12	151417.60
 10.12	151488.00
 10.13	151814.40
 10.14	152140.80
 10.15	152211.20
 10.15	152281.60
 10.16	152352.00
 10.17	152678.40
 10.17	152748.80
 10.18	153075.20
 10.19	153401.60
 10.22	153728.00
 10.23	154054.40
 10.24	154380.80
 10.25	154707.20
 10.26	155033.60
 10.27	155360.00
 10.27	155430.40
 10.28	155500.80
 10.29	155571.20
 10.33	155897.60
 10.33	155968.00
 10.37	156294.40
 10.38	156620.80
 10.38	156691.20
 10.39	156761.60
 10.40	157088.00
 10.41	157414.40
 10.42	157740.80
 10.43	158067.20
 10.44	158137.60
 10.45	158464.00
 10.45	158790.40
 10.46	158860.80
 10.47	159187.20
 10.47	159257.60
 10.48	159584.00
 10.49	159910.40
 10.50	160236.80
 10.50	160307.20
 10.51	160377.60
 10.52	160704.00
 10.53	161030.40
 10.54	161356.80
 10.55	161683.20
 10.55	161753.60
 10.56	162080.00
 10.56	162150.40
 10.57	162476.80
 10.58	162803.20
 10.59	163129.60
 10.60	163200.00
 10.61	163526.40
 10.61	163852.80
 10.62	164179.20
 10.63	164249.60
 10.64	164576.00
 10.65	164902.40
 10.65	164972.80
 10.69	165299.20
 10.70	165625.60
 10.70	165696.00
 10.71	165766.40
 10.71	165836.80
 10.72	166163.20
 10.73	166489.60
 10.74	166816.00
 10.75	166886.40
 10.76	167212.80
 10.77	167539.20
 10.78	167865.60
 10.78	167936.00
 10.78	168006.40
 10.79	168332.80
 10.80	168659.20
 10.81	168985.60
 10.82	169056.00
 10.83	169382.40
 10.84	169708.80
 10.84	170035.20
 10.85	170361.60
 10.86	170432.00
 10.87	170758.40
 10.87	170828.80
 10.88	171155.20
 10.88	171225.60
 10.90	171552.00
 10.91	171878.40
 10.91	171948.80
 10.92	172275.20
 10.93	172601.60
 10.94	172672.00
 10.95	172998.40
 10.96	173324.80
 10.97	173651.20
 10.98	173977.60
 10.99	174304.00
 10.99	174374.40
 10.99	174444.80
 11.00	174515.20
 11.01	174841.60
 11.02	175168.00
 11.03	175494.40
 11.04	175820.80
 11.05	176147.20
 11.06	176473.60
 11.07	176800.00
 11.11	177126.40
 11.12	177196.80
 11.12	177267.20
 11.12	177337.60
 11.14	177664.00
 11.16	177990.40
 11.20	178316.80
 11.21	178643.20
 11.23	178969.60
 11.27	179296.00
 11.29	179366.40
 11.30	179436.80
 11.30	179507.20
 11.32	179833.60
 11.33	180160.00
 11.35	180486.40
 11.37	180812.80
 11.38	181139.20
 11.40	181465.60
 11.41	181792.00
 11.42	182118.40
 11.43	182444.80
 11.44	182771.20
 11.47	183097.60
 11.48	183424.00
 11.51	183494.40
 11.51	183564.80
 11.52	183891.20
 11.53	183961.60
 11.54	184288.00
 11.55	184614.40
 11.56	184684.80
 11.57	185011.20
 11.58	185081.60
 11.59	185152.00
 11.59	185222.40
 11.60	185292.80
 11.63	185619.20
 11.64	185945.60
 11.64	186016.00
 11.64	186086.40
 11.65	186412.80
 11.66	186483.20
 11.67	186809.60
 11.69	187136.00
 11.69	187206.40
 11.72	187532.80
 11.78	187859.20
 11.80	188185.60
 11.82	188256.00
 11.84	188326.40
 11.85	188652.80
 11.85	188723.20
 11.86	189049.60
 11.86	189120.00
 11.87	189446.40
 11.88	189516.80
 11.91	189843.20
 11.91	189913.60
 11.92	190240.00
 11.95	190566.40
 11.96	190892.80
 11.97	191219.20
 11.99	191545.60
 12.00	191616.00
 12.01	191942.40
 12.02	192012.80
 12.02	192083.20
 12.03	192409.60
 12.03	192480.00
 12.04	192550.40
 12.05	192876.80
 12.09	193203.20
 12.10	193273.60
 12.11	193600.00
 12.12	193926.40
 12.12	193996.80
 12.14	194323.20
 12.19	194649.60
 12.21	194720.00
 12.22	195046.40
 12.25	195116.80
 12.26	195443.20
 12.29	195769.60
 12.30	196096.00
 12.33	196422.40
 12.33	196492.80
 12.34	196819.20
 12.36	196889.60
 12.37	197216.00
 12.37	197286.40
 12.38	197612.80
 12.40	197939.20
 12.41	198265.60
 12.42	198592.00
 12.42	198662.40
 12.42	198732.80
 12.43	198803.20
 12.44	199129.60
 12.44	199200.00
 12.44	199270.40
 12.48	199596.80
 12.49	199667.20
 12.50	199993.60
 12.51	200320.00
 12.52	200646.40
 12.53	200716.80
 12.54	201043.20
 12.56	201369.60
 12.57	201696.00
 12.58	202022.40
 12.59	202348.80
 12.59	202675.20
 12.60	202745.60
 12.60	202816.00
 12.61	203142.40
 12.63	203468.80
 12.66	203795.20
 12.67	204121.60
 12.68	204448.00
 12.70	204774.40
 12.70	204844.80
 12.71	205171.20
 12.76	205497.60
 12.76	205568.00
 12.77	205894.40
 12.78	206220.80
 12.79	206291.20
 12.80	206617.60
 12.81	206688.00
 12.82	206758.40
 12.85	206828.80
 12.86	207155.20
 12.87	207481.60
 12.88	207808.00
 12.90	207878.40
 12.91	207948.80
 12.91	208019.20
 12.92	208345.60
 12.93	208672.00
 12.94	208998.40
 12.95	209068.80
 12.97	209395.20
 12.99	209721.60
 13.00	210048.00
 13.06	210374.40
 13.08	210444.80
 13.09	210771.20
 13.11	211097.60
 13.13	211424.00
 13.17	211494.40
 13.20	211820.80
 13.20	211891.20
 13.21	212217.60
 13.23	212288.00
 13.24	212614.40
 13.25	212940.80
 13.26	213267.20
 13.28	213593.60
 13.29	213920.00
 13.29	213990.40
 13.30	214316.80
 13.31	214387.20
 13.31	214457.60
 13.32	214784.00
 13.33	215110.40
 13.34	215180.80
 13.35	215507.20
 13.36	215577.60
 13.38	215648.00
 13.39	215974.40
 13.41	216300.80
 13.42	216627.20
 13.43	216953.60
 13.44	217280.00
 13.45	217350.40
 13.45	217420.80
 13.46	217747.20
 13.47	218073.60
 13.48	218400.00
 13.49	218726.40
 13.50	219052.80
 13.51	219123.20
 13.51	219193.60
 13.52	219520.00
 13.53	219846.40
 13.54	220172.80
 13.55	220499.20
 13.55	220569.60
 13.56	220896.00
 13.57	221222.40
 13.58	221548.80
 13.60	221875.20
 13.61	222201.60
 13.62	222528.00
 13.63	222854.40
 13.65	223180.80
 13.66	223507.20
 13.67	223833.60
 13.68	223904.00
 13.70	224230.40
 13.70	224300.80
 13.71	224627.20
 13.72	224953.60
 13.72	225024.00
 13.73	225350.40
 13.74	225420.80
 13.75	225747.20
 13.75	225817.60
 13.76	226144.00
 13.77	226470.40
 13.78	226796.80
 13.79	227123.20
 13.80	227193.60
 13.81	227520.00
 13.81	227590.40
 13.82	227916.80
 13.83	228243.20
 13.84	228569.60
 13.85	228896.00
 13.86	229222.40
 13.87	229548.80
 13.88	229875.20
 13.89	230201.60
 13.90	230528.00
 13.91	230854.40
 13.91	230924.80
 13.92	231251.20
 13.93	231577.60
 13.93	231648.00
 13.94	231718.40
 13.95	232044.80
 13.96	232371.20
 13.97	232697.60
 13.98	233024.00
 13.98	233094.40
 13.99	233420.80
 14.00	233747.20
 14.01	234073.60
 14.02	234400.00
 14.03	234726.40
 14.03	234796.80
 14.04	235123.20
 14.04	235193.60
 14.05	235264.00
 14.11	235590.40
 14.12	235916.80
 14.13	236243.20
 14.14	236569.60
 14.14	236640.00
 14.15	236710.40
 14.16	237036.80
 14.17	237363.20
 14.18	237689.60
 14.19	238016.00
 14.19	238086.40
 14.20	238156.80
 14.21	238483.20
 14.22	238809.60
 14.22	238880.00
 14.23	239206.40
 14.24	239532.80
 14.25	239859.20
 14.25	239929.60
 14.26	240256.00
 14.27	240582.40
 14.28	240908.80
 14.29	241235.20
 14.30	241561.60
 14.31	241888.00
 14.31	241958.40
 14.32	242284.80
 14.33	242611.20
 14.34	242681.60
 14.35	243008.00
 14.36	243334.40
 14.36	243660.80
 14.37	243731.20
 14.38	244057.60
 14.39	244384.00
 14.40	244710.40
 14.41	245036.80
 14.42	245363.20
 14.42	245433.60
 14.42	245504.00
 14.44	245830.40
 14.45	246156.80
 14.46	246483.20
 14.47	246809.60
 14.48	247136.00
 14.49	247206.40
 14.50	247532.80
 14.51	247859.20
 14.52	248185.60
 14.52	248256.00
 14.53	248582.40
 14.53	248652.80
 14.54	248979.20
 14.55	249305.60
 14.56	249632.00
 14.58	249958.40
 14.59	250028.80
 14.59	250099.20
 14.60	250425.60
 14.61	250752.00
 14.62	251078.40
 14.64	251404.80
 14.65	251731.20
 14.66	252057.60
 14.66	252128.00
 14.67	252454.40
 14.68	252780.80
 14.69	253107.20
 14.70	253433.60
 14.70	253504.00
 14.71	253830.40
 14.72	254156.80
 14.73	254227.20
 14.73	254297.60
 14.73	254368.00
 14.74	254694.40
 14.76	255020.80
 14.77	255091.20
 14.77	255417.60
 14.78	255744.00
 14.80	256070.40
 14.81	256396.80
 14.81	256467.20
 14.83	256793.60
 14.84	257120.00
 14.84	257190.40
 14.85	257516.80
 14.86	257843.20
 14.87	258169.60
 14.88	258496.00
 14.88	258566.40
 14.89	258892.80
 14.90	259219.20
 14.91	259289.60
 14.92	259616.00
 14.93	259942.40
 14.94	260268.80
 14.97	260339.20
 14.98	260665.60
 14.99	260736.00
 15.00	260806.40
 15.01	260876.80
 15.02	261203.20
 15.03	261529.60
 15.04	261856.00
 15.05	261926.40
 15.06	262252.80
 15.08	262323.20
 15.10	262649.60
 15.12	262720.00
 15.15	263046.40
 15.15	263116.80
 15.16	263443.20
 15.17	263769.60
 15.21	264096.00
 15.22	264422.40
 15.23	264492.80
 15.24	264819.20
 15.25	265145.60
 15.26	265216.00
 15.27	265542.40
 15.28	265868.80
 15.30	265939.20
 15.31	266265.60
 15.32	266336.00
 15.37	266662.40
 15.39	266732.80
 15.41	267059.20
 15.43	267385.60
 15.44	267712.00
 15.45	268038.40
 15.46	268364.80
 15.47	268691.20
 15.48	269017.60
 15.49	269344.00
 15.51	269670.40
 15.52	269740.80
 15.53	269811.20
 15.53	270137.60
 15.54	270208.00
 15.55	270534.40
 15.56	270860.80
 15.56	270931.20
 15.59	271257.60
 15.62	271584.00
 15.63	271910.40
 15.63	271980.80
 15.63	272051.20
 15.64	272377.60
 15.65	272448.00
 15.66	272774.40
 15.66	272844.80
 15.67	273171.20
 15.68	273497.60
 15.68	273568.00
 15.69	273894.40
 15.70	273964.80
 15.70	274291.20
 15.71	274617.60
 15.72	274944.00
 15.73	275270.40
 15.74	275596.80
 15.75	275667.20
 15.76	275993.60
 15.76	276064.00
 15.77	276390.40
 15.79	276716.80
 15.80	277043.20
 15.81	277369.60
 15.82	277696.00
 15.82	277766.40
 15.83	277836.80
 15.84	278163.20
 15.85	278489.60
 15.86	278816.00
 15.86	278886.40
 15.87	279212.80
 15.88	279539.20
 15.89	279609.60
 15.90	279936.00
 15.90	280006.40
 15.90	280076.80
 15.91	280403.20
 15.92	280729.60
 15.93	281056.00
 15.94	281382.40
 15.95	281452.80
 15.97	281779.20
 15.97	281849.60
 15.98	281920.00
 15.98	281990.40
 15.99	282316.80
 16.00	282643.20
 16.01	282713.60
 16.02	283040.00
 16.02	283110.40
 16.02	283180.80
 16.03	283507.20
 16.04	283833.60
 16.05	284160.00
 16.06	284486.40
 16.07	284812.80
 16.08	285139.20
 16.09	285209.60
 16.10	285536.00
 16.10	285862.40
 16.11	286188.80
 16.12	286259.20
 16.13	286585.60
 16.14	286912.00
 16.15	287238.40
 16.15	287308.80
 16.16	287635.20
 16.17	287961.60
 16.17	288032.00
 16.18	288358.40
 16.19	288684.80
 16.20	289011.20
 16.21	289337.60
 16.22	289664.00
 16.23	289990.40
 16.24	290060.80
 16.24	290131.20
 16.25	290457.60
 16.26	290784.00
 16.26	290854.40
 16.27	291180.80
 16.28	291507.20
 16.29	291577.60
 16.30	291648.00
 16.32	291974.40
 16.33	292044.80
 16.34	292115.20
 16.35	292441.60
 16.36	292768.00
 16.37	293094.40
 16.37	293164.80
 16.39	293491.20
 16.42	293817.60
 16.42	293888.00
 16.45	293958.40
 16.46	294028.80
 16.47	294355.20
 16.48	294681.60
 16.49	295008.00
 16.50	295334.40
 16.51	295660.80
 16.53	295731.20
 16.54	296057.60
 16.55	296384.00
 16.56	296710.40
 16.57	297036.80
 16.59	297363.20
 16.60	297689.60
 16.60	297760.00
 16.62	298086.40
 16.63	298412.80
 16.64	298483.20
 16.65	298809.60
 16.65	298880.00
 16.67	299206.40
 16.68	299532.80
 16.69	299603.20
 16.69	299673.60
 16.70	300000.00
 16.71	300070.40
 16.72	300396.80
 16.73	300723.20
 16.74	300793.60
 16.75	301120.00
 16.76	301446.40
 16.76	301516.80
 16.79	301843.20
 16.80	302169.60
 16.80	302240.00
 16.81	302566.40
 16.82	302892.80
 16.86	302963.20
 16.87	303289.60
 16.88	303616.00
 16.94	303942.40
 16.94	304012.80
 16.96	304339.20
 16.97	304665.60
 16.98	304992.00
 16.98	305062.40
 16.99	305132.80
 17.00	305459.20
 17.01	305785.60
 17.02	306112.00
 17.03	306438.40
 17.04	306764.80
 17.05	307091.20
 17.06	307417.60
 17.06	307488.00
 17.07	307814.40
 17.08	308140.80
 17.09	308467.20
 17.10	308793.60
 17.10	308864.00
 17.11	309190.40
 17.15	309260.80
 17.17	309587.20
 17.18	309913.60
 17.18	309984.00
 17.20	310310.40
 17.21	310380.80
 17.24	310707.20
 17.26	311033.60
 17.27	311360.00
 17.29	311686.40
 17.34	311756.80
 17.35	312083.20
 17.37	312409.60
 17.38	312736.00
 17.38	312806.40
 17.39	312876.80
 17.40	313203.20
 17.44	313529.60
 17.45	313856.00
 17.45	313926.40
 17.47	314252.80
 17.48	314579.20
 17.49	314905.60
 17.50	315232.00
 17.53	315302.40
 17.55	315372.80
 17.56	315699.20
 17.57	316025.60
 17.58	316352.00
 17.59	316678.40
 17.62	317004.80
 17.63	317331.20
 17.64	317657.60
 17.66	317984.00
 17.66	318054.40
 17.67	318380.80
 17.68	318707.20
 17.70	319033.60
 17.71	319360.00
 17.73	319430.40
 17.74	319756.80
 17.78	320083.20
 17.79	320409.60
 17.80	320736.00
 17.82	320806.40
 17.83	321132.80
 17.84	321459.20
 17.85	321785.60
 17.86	322112.00
 17.88	322438.40
 17.89	322764.80
 17.89	322835.20
 17.90	323161.60
 17.91	323488.00
 17.93	323814.40
 17.94	324140.80
 17.96	324467.20
 17.98	324537.60
 17.99	324864.00
 18.00	325190.40
 18.04	325516.80
 18.05	325843.20
 18.06	326169.60
 18.07	326496.00
 18.08	326822.40
 18.09	327148.80
 18.10	327219.20
 18.11	327545.60
 18.12	327616.00
 18.13	327942.40
 18.17	328012.80
 18.18	328339.20
 18.18	328409.60
 18.18	328480.00
 18.19	328806.40
 18.20	329132.80
 18.21	329459.20
 18.22	329785.60
 18.24	330112.00
 18.25	330438.40
 18.26	330764.80
 18.27	331091.20
 18.28	331417.60
 18.31	331744.00
 18.32	331814.40
 18.33	332140.80
 18.33	332211.20
 18.37	332537.60
 18.39	332864.00
 18.40	332934.40
 18.40	333004.80
 18.41	333331.20
 18.43	333401.60
 18.44	333728.00
 18.45	334054.40
 18.46	334380.80
 18.47	334707.20
 18.49	335033.60
 18.51	335360.00
 18.53	335686.40
 18.54	336012.80
 18.56	336083.20
 18.57	336409.60
 18.57	336480.00
 18.58	336806.40
 18.59	337132.80
 18.60	337203.20
 18.64	337529.60
 18.65	337856.00
 18.66	338182.40
 18.69	338252.80
 18.70	338579.20
 18.70	338649.60
 18.72	338976.00
 18.73	339302.40
 18.74	339628.80
 18.74	339699.20
 18.75	340025.60
 18.76	340352.00
 18.77	340678.40
 18.78	341004.80
 18.79	341331.20
 18.80	341657.60
 18.81	341728.00
 18.82	342054.40
 18.83	342380.80
 18.84	342707.20
 18.86	342777.60
 18.87	343104.00
 18.87	343174.40
 18.88	343500.80
 18.89	343827.20
 18.90	344153.60
 18.91	344480.00
 18.92	344806.40
 18.94	345132.80
 18.96	345459.20
 18.97	345529.60
 18.97	345600.00
 18.98	345670.40
 19.02	345996.80
 19.03	346067.20
 19.05	346137.60
 19.06	346464.00
 19.06	346534.40
 19.07	346860.80
 19.08	347187.20
 19.09	347257.60
 19.09	347328.00
 19.11	347654.40
 19.13	347724.80
 19.14	348051.20
 19.15	348377.60
 19.16	348704.00
 19.17	349030.40
 19.18	349100.80
 19.20	349427.20
 19.21	349753.60
 19.23	350080.00
 19.24	350406.40
 19.25	350732.80
 19.26	351059.20
 19.27	351385.60
 19.28	351712.00
 19.29	352038.40
 19.32	352364.80
 19.33	352691.20
 19.37	353017.60
 19.38	353344.00
 19.39	353670.40
 19.40	353740.80
 19.41	354067.20
 19.42	354393.60
 19.43	354720.00
 19.44	355046.40
 19.44	355116.80
 19.45	355443.20
 19.46	355769.60
 19.47	356096.00
 19.47	356166.40
 19.48	356236.80
 19.49	356563.20
 19.50	356889.60
 19.50	356960.00
 19.51	357286.40
 19.51	357356.80
 19.52	357683.20
 19.53	358009.60
 19.54	358336.00
 19.55	358662.40
 19.56	358988.80
 19.56	359059.20
 19.57	359385.60
 19.58	359712.00
 19.59	360038.40
 19.60	360108.80
 19.61	360435.20
 19.62	360761.60
 19.63	361088.00
 19.64	361414.40
 19.65	361740.80
 19.66	362067.20
 19.67	362393.60
 19.68	362720.00
 19.69	363046.40
 19.70	363372.80
 19.71	363699.20
 19.72	364025.60
 19.72	364096.00
 19.73	364422.40
 19.73	364492.80
 19.74	364819.20
 19.75	365145.60
 19.76	365472.00
 19.77	365798.40
 19.79	366124.80
 19.79	366195.20
 19.80	366521.60
 19.81	366848.00
 19.82	367174.40
 19.83	367500.80
 19.84	367827.20
 19.85	368153.60
 19.87	368480.00
 19.87	368806.40
 19.89	368876.80
 19.90	369203.20
 19.91	369529.60
 19.92	369856.00
 19.93	370182.40
 19.96	370508.80
 20.00	370835.20
